20200401T005448_20200403T020107_SO2_column_number_density,20200401T023618_20200403T043413_SO2_column_number_density,20200401T041749_20200403T070652_SO2_column_number_density,20200401T055919_20200403T073509_SO2_column_number_density,20200401T074049_20200403T102545_SO2_column_number_density,20200401T092220_20200403T114418_SO2_column_number_density,20200401T110350_20200403T133027_SO2_column_number_density,20200401T124521_20200403T154259_SO2_column_number_density,20200401T142651_20200404T011327_SO2_column_number_density,20200401T160821_20200403T185314_SO2_column_number_density,20200401T174952_20200403T204300_SO2_column_number_density,20200401T193122_20200403T222742_SO2_column_number_density,20200401T211252_20200403T235250_SO2_column_number_density,20200401T225423_20200404T024317_SO2_column_number_density,20200402T003553_20200404T041617_SO2_column_number_density,20200402T021723_20200404T072502_SO2_column_number_density,20200402T035854_20200404T064251_SO2_column_number_density,20200402T054024_20200404T074022_SO2_column_number_density,20200402T072154_20200404T093617_SO2_column_number_density,20200402T090325_20200404T113757_SO2_column_number_density,20200402T104455_20200404T133802_SO2_column_number_density,20200402T122626_20200404T150953_SO2_column_number_density,20200402T140756_20200415T044107_SO2_column_number_density,20200402T154926_20200415T042519_SO2_column_number_density,20200402T173057_20200415T043835_SO2_column_number_density,20200402T191227_20200415T051823_SO2_column_number_density,20200402T205357_20200415T043640_SO2_column_number_density,20200402T223528_20200415T042934_SO2_column_number_density,20200403T001658_20200415T071513_SO2_column_number_density,20200403T015828_20200415T072229_SO2_column_number_density,20200403T033959_20200415T072451_SO2_column_number_density,20200403T052129_20200415T071845_SO2_column_number_density,20200403T070259_20200415T064948_SO2_column_number_density,20200403T084430_20200415T075353_SO2_column_number_density,20200403T102600_20200415T075101_SO2_column_number_density,20200403T120731_20200415T085846_SO2_column_number_density,20200403T134901_20200415T090951_SO2_column_number_density,20200403T153031_20200415T094001_SO2_column_number_density,20200403T171201_20200415T094600_SO2_column_number_density,20200403T185332_20200415T111158_SO2_column_number_density,20200403T203502_20200415T112013_SO2_column_number_density,20200403T221633_20200415T110547_SO2_column_number_density,20200403T235803_20200415T124157_SO2_column_number_density,20200404T013933_20200415T131622_SO2_column_number_density,20200404T032104_20200406T202458_SO2_column_number_density,20200404T050234_20200406T102142_SO2_column_number_density,20200404T064404_20200406T085751_SO2_column_number_density,20200404T082535_20200406T103542_SO2_column_number_density,20200404T100705_20200406T133131_SO2_column_number_density,20200404T114836_20200406T134520_SO2_column_number_density,20200404T133006_20200406T160316_SO2_column_number_density,20200404T151136_20200406T174109_SO2_column_number_density,20200404T165306_20200406T195401_SO2_column_number_density,20200404T183437_20200406T204059_SO2_column_number_density,20200404T201607_20200406T223103_SO2_column_number_density,20200404T215738_20200406T234852_SO2_column_number_density,20200404T233908_20200407T020226_SO2_column_number_density,20200405T012038_20200407T031709_SO2_column_number_density,20200405T030208_20200407T051935_SO2_column_number_density,20200405T044339_20200407T071144_SO2_column_number_density,20200405T062509_20200407T074616_SO2_column_number_density,20200405T080640_20200407T105212_SO2_column_number_density,20200405T094810_20200407T114353_SO2_column_number_density,20200405T112940_20200407T140136_SO2_column_number_density,20200405T131111_20200407T154355_SO2_column_number_density,20200405T145241_20200407T162320_SO2_column_number_density,20200405T163411_20200407T184539_SO2_column_number_density,20200405T181542_20200407T211526_SO2_column_number_density,20200405T195712_20200407T222044_SO2_column_number_density,20200405T213842_20200407T234604_SO2_column_number_density,20200405T232013_20200408T011955_SO2_column_number_density,20200406T010143_20200408T034032_SO2_column_number_density,20200406T024313_20200408T042703_SO2_column_number_density,20200406T042444_20200408T072809_SO2_column_number_density,20200406T060614_20200408T075914_SO2_column_number_density,20200406T074744_20200408T091322_SO2_column_number_density,20200406T092915_20200408T145935_SO2_column_number_density,20200406T111045_20200408T140809_SO2_column_number_density,20200406T125216_20200408T153615_SO2_column_number_density,20200406T143346_20200408T171916_SO2_column_number_density,20200406T161516_20200408T190549_SO2_column_number_density,20200406T175646_20200409T012946_SO2_column_number_density,20200406T193817_20200409T001530_SO2_column_number_density,20200406T211947_20200409T000733_SO2_column_number_density,20200406T230118_20200409T004819_SO2_column_number_density,20200407T004248_20200409T022643_SO2_column_number_density,20200407T022418_20200409T050318_SO2_column_number_density,20200407T040548_20200409T071001_SO2_column_number_density,20200407T054719_20200409T082051_SO2_column_number_density,20200407T072849_20200409T094308_SO2_column_number_density,20200407T091020_20200409T111031_SO2_column_number_density,20200407T105150_20200409T135911_SO2_column_number_density,20200407T123320_20200409T152821_SO2_column_number_density,20200407T141451_20200409T163239_SO2_column_number_density,20200407T155621_20200409T183223_SO2_column_number_density,20200407T173751_20200409T193423_SO2_column_number_density,20200407T191922_20200409T221930_SO2_column_number_density,20200407T210052_20200410T000345_SO2_column_number_density,20200407T224222_20200410T002406_SO2_column_number_density,20200408T002353_20200410T024940_SO2_column_number_density,20200408T020523_20200410T042757_SO2_column_number_density,20200408T034653_20200410T055341_SO2_column_number_density,20200408T052824_20200410T072435_SO2_column_number_density,20200408T070954_20200410T102635_SO2_column_number_density,20200408T085124_20200410T110932_SO2_column_number_density,20200408T103255_20200410T124538_SO2_column_number_density,20200408T121425_20200410T152136_SO2_column_number_density,20200408T135555_20200410T153123_SO2_column_number_density,20200408T153726_20200410T181506_SO2_column_number_density,20200408T171856_20200410T201805_SO2_column_number_density,20200408T190026_20200410T214149_SO2_column_number_density,20200408T204157_20200410T223727_SO2_column_number_density,20200408T222327_20200411T004640_SO2_column_number_density,20200409T000457_20200411T021307_SO2_column_number_density,20200409T014628_20200411T041606_SO2_column_number_density,20200409T032758_20200411T060312_SO2_column_number_density,20200409T050928_20200411T072936_SO2_column_number_density,20200409T065059_20200411T090157_SO2_column_number_density,20200409T083229_20200411T105007_SO2_column_number_density,20200409T101359_20200414T152635_SO2_column_number_density,20200409T115530_20200411T140004_SO2_column_number_density,20200409T133700_20200411T150753_SO2_column_number_density,20200409T151830_20200411T175740_SO2_column_number_density,20200409T170001_20200411T194617_SO2_column_number_density,20200409T184131_20200411T205530_SO2_column_number_density,20200409T202301_20200411T222510_SO2_column_number_density,20200409T220432_20200412T000048_SO2_column_number_density,20200409T234602_20200412T020731_SO2_column_number_density,20200410T012732_20200412T030642_SO2_column_number_density,20200410T030903_20200412T044433_SO2_column_number_density,20200410T045033_20200412T071756_SO2_column_number_density,20200410T063203_20200412T091929_SO2_column_number_density,20200410T081334_20200412T100205_SO2_column_number_density,20200410T095504_20200412T131004_SO2_column_number_density,20200410T113634_20200412T144207_SO2_column_number_density,20200410T131805_20200412T152629_SO2_column_number_density,20200410T145935_20200412T170123_SO2_column_number_density,20200410T164105_20200412T184045_SO2_column_number_density,20200410T182236_20200412T213941_SO2_column_number_density,20200410T200406_20200412T224325_SO2_column_number_density,20200410T214536_20200412T233241_SO2_column_number_density,20200410T232707_20200413T012710_SO2_column_number_density,20200411T010837_20200413T032455_SO2_column_number_density,20200411T025007_20200413T044619_SO2_column_number_density,20200411T043138_20200413T064531_SO2_column_number_density,20200411T061308_20200413T084232_SO2_column_number_density,20200411T075438_20200413T104556_SO2_column_number_density,20200411T093609_20200413T122910_SO2_column_number_density,20200411T111739_20200413T140122_SO2_column_number_density,20200411T125909_20200413T145807_SO2_column_number_density,20200411T144040_20200413T154928_SO2_column_number_density,20200411T162210_20200413T182128_SO2_column_number_density,20200411T180340_20200413T210904_SO2_column_number_density,20200411T194511_20200413T220621_SO2_column_number_density,20200411T212641_20200413T234044_SO2_column_number_density,20200411T230811_20200414T020146_SO2_column_number_density,20200412T004942_20200414T033637_SO2_column_number_density,20200412T023112_20200414T045002_SO2_column_number_density,20200412T041242_20200414T063635_SO2_column_number_density,20200412T055412_20200414T075532_SO2_column_number_density,20200412T073543_20200414T095902_SO2_column_number_density,20200412T091713_20200414T120130_SO2_column_number_density,20200412T105844_20200414T135439_SO2_column_number_density,20200412T124014_20200414T145158_SO2_column_number_density,20200412T142144_20200414T210719_SO2_column_number_density,20200412T160314_20200414T211302_SO2_column_number_density,20200412T174445_20200414T214535_SO2_column_number_density,20200412T192615_20200414T221524_SO2_column_number_density,20200412T210746_20200414T230038_SO2_column_number_density,20200412T224916_20200415T014942_SO2_column_number_density,20200413T003046_20200415T093630_SO2_column_number_density,20200413T021216_20200415T132754_SO2_column_number_density,20200413T035347_20200415T180733_SO2_column_number_density,20200413T053517_20200415T173922_SO2_column_number_density,20200413T071647_20200415T174406_SO2_column_number_density,20200413T085818_20200415T173854_SO2_column_number_density,20200413T103948_20200415T182324_SO2_column_number_density,20200413T122118_20200415T202816_SO2_column_number_density,20200413T140249_20200415T203513_SO2_column_number_density,20200413T154419_20200415T214529_SO2_column_number_density,20200413T172549_20200415T223756_SO2_column_number_density,20200413T190720_20200415T222546_SO2_column_number_density,20200413T204850_20200415T233119_SO2_column_number_density,20200413T223020_20200416T005133_SO2_column_number_density,20200414T001151_20200416T030008_SO2_column_number_density,20200414T015321_20200416T035221_SO2_column_number_density,20200414T033451_20200416T062010_SO2_column_number_density,20200414T051621_20200416T071034_SO2_column_number_density,20200414T065752_20200416T094349_SO2_column_number_density,20200414T083922_20200416T105505_SO2_column_number_density,20200414T102053_20200416T130025_SO2_column_number_density,20200414T120223_20200416T150159_SO2_column_number_density,20200414T134353_20200416T161630_SO2_column_number_density,20200414T152523_20200416T171935_SO2_column_number_density,20200414T170654_20200416T193516_SO2_column_number_density,20200414T184824_20200416T212352_SO2_column_number_density,20200414T202954_20200416T222828_SO2_column_number_density,20200414T221125_20200416T235251_SO2_column_number_density,system:index,Maille,grid_name
,,,,6.544321606264968E-6,,,,,,,,,,,,,,-1.7091343275219E-4,,,,,,,,,,,,,,2.6236038513239036E-5,,,,,,,,,,,,,,1.36925977314131E-5,,,,,,,,,,,,,,-2.4295533636659198E-5,,,,,,,,,,,,,,,4.3156413510225035E-5,,,,,,,,,,,,,,-1.924878182045872E-4,,,,,,,,,,,,,,-3.739933716866481E-5,,,,,,,,,,,,,,-2.2302487378383127E-6,,,,,,,,,,,,,,1.021662059289016E-4,,,,,,,,,,,,,,,7.404737235689706E-5,,,,,,,,,,,,,,1.3741908344483832E-5,,,,,,,,,,,,,,6.996403498826142E-5,,,,,,,,,,,,,,1.2199113764678554E-4,,,,,,,,,,0,0,grids_chennai
