20210916T010004_20210918T021303_SO2_column_number_density,20210916T024133_20210918T045614_SO2_column_number_density,20210916T042303_20210918T055644_SO2_column_number_density,20210916T060432_20210918T074209_SO2_column_number_density,20210916T074601_20210918T103708_SO2_column_number_density,20210916T092731_20210918T120057_SO2_column_number_density,20210916T110900_20210918T135757_SO2_column_number_density,20210916T125030_20210918T154550_SO2_column_number_density,20210916T143159_20210918T163123_SO2_column_number_density,20210916T161328_20210918T173150_SO2_column_number_density,20210916T175458_20210918T205153_SO2_column_number_density,20210916T193627_20210918T220658_SO2_column_number_density,20210916T211757_20210918T233034_SO2_column_number_density,20210916T225926_20210919T003410_SO2_column_number_density,20210917T004056_20210919T021725_SO2_column_number_density,20210917T022225_20210919T034133_SO2_column_number_density,20210917T040354_20210919T061954_SO2_column_number_density,20210917T054524_20210919T073827_SO2_column_number_density,20210917T072653_20210919T100424_SO2_column_number_density,20210917T090823_20210919T114722_SO2_column_number_density,20210917T104952_20210919T125432_SO2_column_number_density,20210917T123122_20210919T152758_SO2_column_number_density,20210917T141251_20210919T160247_SO2_column_number_density,20210917T155420_20210919T171931_SO2_column_number_density,20210917T173550_20210919T203233_SO2_column_number_density,20210917T191719_20210919T220112_SO2_column_number_density,20210917T205848_20210919T233142_SO2_column_number_density,20210917T224018_20210920T003112_SO2_column_number_density,20210918T002147_20210920T013253_SO2_column_number_density,20210918T020317_20210920T024741_SO2_column_number_density,20210918T034446_20210920T060555_SO2_column_number_density,20210918T052615_20210920T070542_SO2_column_number_density,20210918T070745_20210920T094608_SO2_column_number_density,20210918T084914_20210920T110556_SO2_column_number_density,20210918T103044_20210920T125439_SO2_column_number_density,20210918T121213_20210920T150834_SO2_column_number_density,20210918T135343_20210920T151035_SO2_column_number_density,20210918T153512_20210920T171509_SO2_column_number_density,20210918T171641_20210920T195007_SO2_column_number_density,20210918T185811_20210920T210530_SO2_column_number_density,20210918T203940_20210920T222713_SO2_column_number_density,20210918T222110_20210921T001626_SO2_column_number_density,20210919T000239_20210921T012727_SO2_column_number_density,20210919T014408_20210921T025036_SO2_column_number_density,20210919T032538_20210921T054030_SO2_column_number_density,20210919T050707_20210921T072035_SO2_column_number_density,20210919T064836_20210921T091151_SO2_column_number_density,20210919T083006_20210921T105033_SO2_column_number_density,20210919T101135_20210921T131145_SO2_column_number_density,20210919T115305_20210921T144239_SO2_column_number_density,20210919T133434_20210921T150516_SO2_column_number_density,20210919T151603_20210921T172555_SO2_column_number_density,20210919T165733_20210921T192635_SO2_column_number_density,20210919T183902_20210921T211213_SO2_column_number_density,20210919T202032_20210921T223230_SO2_column_number_density,20210919T220201_20210922T000719_SO2_column_number_density,20210919T234331_20210922T011458_SO2_column_number_density,20210920T012500_20210922T030826_SO2_column_number_density,20210920T030629_20210922T042256_SO2_column_number_density,20210920T044759_20210922T063524_SO2_column_number_density,20210920T062928_20210922T084323_SO2_column_number_density,20210920T081057_20210922T103455_SO2_column_number_density,20210920T095227_20210922T115638_SO2_column_number_density,20210920T113356_20210922T142612_SO2_column_number_density,20210920T131526_20210922T154948_SO2_column_number_density,20210920T145655_20210922T172344_SO2_column_number_density,20210920T163824_20210922T181915_SO2_column_number_density,20210920T181954_20210922T202431_SO2_column_number_density,20210920T200123_20210922T214518_SO2_column_number_density,20210920T214253_20210923T001454_SO2_column_number_density,20210920T232422_20210923T013644_SO2_column_number_density,20210921T010551_20210923T024505_SO2_column_number_density,20210921T024721_20210923T035333_SO2_column_number_density,20210921T042850_20210923T063012_SO2_column_number_density,20210921T061020_20210923T074014_SO2_column_number_density,20210921T075149_20210923T104137_SO2_column_number_density,20210921T093319_20210923T121806_SO2_column_number_density,20210921T111448_20210923T132220_SO2_column_number_density,20210921T125617_20210923T161554_SO2_column_number_density,20210921T143747_20210923T165457_SO2_column_number_density,20210921T161916_20210923T191429_SO2_column_number_density,20210921T180045_20210923T203245_SO2_column_number_density,20210921T194215_20210923T215017_SO2_column_number_density,20210921T212344_20210923T233414_SO2_column_number_density,20210921T230514_20210924T005040_SO2_column_number_density,20210922T004643_20210924T015048_SO2_column_number_density,20210922T022812_20210924T042237_SO2_column_number_density,20210922T040942_20210924T054108_SO2_column_number_density,20210922T055111_20210924T075748_SO2_column_number_density,20210922T073241_20210924T094038_SO2_column_number_density,20210922T091410_20210924T113440_SO2_column_number_density,20210922T105539_20210924T133449_SO2_column_number_density,20210922T123709_20210924T144333_SO2_column_number_density,20210922T141838_20210924T161456_SO2_column_number_density,20210922T160008_20210924T185118_SO2_column_number_density,20210922T174137_20210924T191503_SO2_column_number_density,20210922T192306_20210924T220416_SO2_column_number_density,20210922T210436_20210924T223601_SO2_column_number_density,20210922T224605_20210925T002610_SO2_column_number_density,20210923T002735_20210925T021909_SO2_column_number_density,20210923T020904_20210925T035828_SO2_column_number_density,20210923T035034_20210925T061137_SO2_column_number_density,20210923T053203_20210925T081317_SO2_column_number_density,20210923T071332_20210925T083137_SO2_column_number_density,20210923T085502_20210925T112131_SO2_column_number_density,20210923T103631_20210925T131001_SO2_column_number_density,20210923T121801_20210925T151529_SO2_column_number_density,20210923T135930_20210925T161458_SO2_column_number_density,20210923T154100_20210925T181028_SO2_column_number_density,20210923T172229_20210925T194317_SO2_column_number_density,20210923T190358_20210925T213916_SO2_column_number_density,20210923T204528_20210925T225630_SO2_column_number_density,20210923T222657_20210926T003316_SO2_column_number_density,20210924T000827_20210926T014721_SO2_column_number_density,20210924T014956_20210926T031306_SO2_column_number_density,20210924T033126_20210926T054544_SO2_column_number_density,20210924T051255_20210926T074233_SO2_column_number_density,20210924T065424_20210926T091615_SO2_column_number_density,20210924T083554_20210926T100336_SO2_column_number_density,20210924T101723_20210926T120823_SO2_column_number_density,20210924T115853_20210926T140857_SO2_column_number_density,20210924T134022_20210926T161906_SO2_column_number_density,20210924T152152_20210926T165507_SO2_column_number_density,20210924T170321_20210926T190236_SO2_column_number_density,20210924T184450_20210926T211550_SO2_column_number_density,20210924T202620_20210926T222808_SO2_column_number_density,20210924T220749_20210926T233519_SO2_column_number_density,20210924T234919_20210927T013418_SO2_column_number_density,20210925T013048_20210927T025804_SO2_column_number_density,20210925T031218_20210927T043243_SO2_column_number_density,20210925T045347_20210927T071606_SO2_column_number_density,20210925T063516_20210927T090049_SO2_column_number_density,20210925T081646_20210927T110644_SO2_column_number_density,20210925T095815_20210927T114046_SO2_column_number_density,20210925T113945_20210927T135319_SO2_column_number_density,20210925T132114_20210927T153132_SO2_column_number_density,20210925T150244_20210927T165051_SO2_column_number_density,20210925T164413_20210927T191529_SO2_column_number_density,20210925T182542_20210927T203649_SO2_column_number_density,20210925T200712_20210927T213425_SO2_column_number_density,20210925T214841_20210927T234431_SO2_column_number_density,20210925T233011_20210928T003425_SO2_column_number_density,20210926T011140_20210928T021926_SO2_column_number_density,20210926T025310_20210928T040026_SO2_column_number_density,20210926T043439_20210928T063633_SO2_column_number_density,20210926T061608_20210928T083653_SO2_column_number_density,20210926T075738_20210928T094248_SO2_column_number_density,20210926T093907_20210928T184721_SO2_column_number_density,20210926T112037_20210928T173706_SO2_column_number_density,20210926T130206_20210928T145329_SO2_column_number_density,20210926T144336_20210928T182836_SO2_column_number_density,20210926T162505_20210928T181323_SO2_column_number_density,20210926T180634_20210928T203155_SO2_column_number_density,20210926T194804_20210928T213805_SO2_column_number_density,20210926T212933_20210928T230711_SO2_column_number_density,20210926T231103_20210929T002551_SO2_column_number_density,20210927T005232_20210929T025237_SO2_column_number_density,20210927T023402_20210929T033445_SO2_column_number_density,20210927T041531_20210929T055206_SO2_column_number_density,20210927T055700_20210929T075747_SO2_column_number_density,20210927T073830_20210929T095310_SO2_column_number_density,20210927T091959_20210929T141004_SO2_column_number_density,20210927T110129_20210929T141842_SO2_column_number_density,20210927T124258_20210929T151632_SO2_column_number_density,20210927T142428_20210929T160205_SO2_column_number_density,20210927T160557_20210929T173040_SO2_column_number_density,20210927T174726_20210929T201427_SO2_column_number_density,20210927T192856_20210929T210433_SO2_column_number_density,20210927T211025_20210929T230035_SO2_column_number_density,20210927T225155_20210930T005528_SO2_column_number_density,20210928T003324_20210930T005017_SO2_column_number_density,20210928T021454_20210929T232928_SO2_column_number_density,20210928T035623_20210930T023603_SO2_column_number_density,20210928T053752_20210930T081234_SO2_column_number_density,20210928T071922_20210930T130258_SO2_column_number_density,20210928T090051_20210930T135952_SO2_column_number_density,20210928T104221_20210930T093121_SO2_column_number_density,20210928T122350_20210930T115225_SO2_column_number_density,20210928T140520_20210930T122851_SO2_column_number_density,20210928T154649_20210930T131532_SO2_column_number_density,20210928T172818_20210930T155906_SO2_column_number_density,20210928T190948_20210930T192447_SO2_column_number_density,20210928T205117_20210930T192648_SO2_column_number_density,20210928T223247_20210930T200315_SO2_column_number_density,20210929T001416_20210930T212344_SO2_column_number_density,20210929T015546_20210930T230048_SO2_column_number_density,20210929T033715_20211001T011636_SO2_column_number_density,20210929T051844_20211001T030831_SO2_column_number_density,20210929T070014_20211001T044443_SO2_column_number_density,20210929T084143_20211001T064746_SO2_column_number_density,20210929T102313_20211001T081845_SO2_column_number_density,20210929T120442_20211001T100453_SO2_column_number_density,20210929T134612_20211001T112905_SO2_column_number_density,20210929T152741_20211001T123843_SO2_column_number_density,20210929T170910_20211001T144000_SO2_column_number_density,20210929T185040_20211001T162925_SO2_column_number_density,20210929T203209_20211001T181351_SO2_column_number_density,20210929T221339_20211001T194926_SO2_column_number_density,system:index,Maille,grid_name
,,,,1.525169561770606E-4,,,,,,,,,,,,,,7.826681120250857E-5,,,,,,,,,,,,,,1.6376706452139305E-4,,,,,,,,,,,,,,,,,,,,,,,,,,,,,,,,,,,,,,,,,,,,,,,,,,,,,,,,,2.0083911383196408E-4,,,,,,,,,,,,,,8.609178812966674E-5,,,,,,,,,,,,,,5.9641978202259334E-5,,,,,,,,,,,,,,,,,,,,,,,,,,,,,,,,,,,,,,,,,,,,,,,,,,,,,,,,,4.6710075506407914E-5,,,,,,,,,,,,,,-3.2668362464829784E-5,,,,,,,,,,0,0,grids_jodhpur
