20210316T000806_20210317T171404_tropospheric_NO2_column_number_density,20210316T014937_20210317T181953_tropospheric_NO2_column_number_density,20210316T033107_20210317T210836_tropospheric_NO2_column_number_density,20210316T051237_20210317T223534_tropospheric_NO2_column_number_density,20210316T065408_20210318T002410_tropospheric_NO2_column_number_density,20210316T083538_20210318T021236_tropospheric_NO2_column_number_density,20210316T101709_20210318T035951_tropospheric_NO2_column_number_density,20210316T115839_20210318T054029_tropospheric_NO2_column_number_density,20210316T134009_20210318T065058_tropospheric_NO2_column_number_density,20210316T152140_20210318T084403_tropospheric_NO2_column_number_density,20210316T170310_20210318T101100_tropospheric_NO2_column_number_density,20210316T184440_20210318T115710_tropospheric_NO2_column_number_density,20210316T202611_20210318T133412_tropospheric_NO2_column_number_density,20210316T220741_20210318T153049_tropospheric_NO2_column_number_density,20210316T234912_20210318T164343_tropospheric_NO2_column_number_density,20210317T013042_20210318T183436_tropospheric_NO2_column_number_density,20210317T031212_20210318T203920_tropospheric_NO2_column_number_density,20210317T045343_20210318T222936_tropospheric_NO2_column_number_density,20210317T063513_20210318T234636_tropospheric_NO2_column_number_density,20210317T081643_20210319T014935_tropospheric_NO2_column_number_density,20210317T095814_20210319T031754_tropospheric_NO2_column_number_density,20210317T113944_20210319T051951_tropospheric_NO2_column_number_density,20210317T132114_20210319T065759_tropospheric_NO2_column_number_density,20210317T150245_20210319T083428_tropospheric_NO2_column_number_density,20210317T164415_20210319T100808_tropospheric_NO2_column_number_density,20210317T182545_20210319T114401_tropospheric_NO2_column_number_density,20210317T200716_20210319T132150_tropospheric_NO2_column_number_density,20210317T214846_20210319T152508_tropospheric_NO2_column_number_density,20210317T233017_20210319T164340_tropospheric_NO2_column_number_density,20210318T011147_20210319T181942_tropospheric_NO2_column_number_density,20210318T025317_20210319T201218_tropospheric_NO2_column_number_density,20210318T043448_20210319T221246_tropospheric_NO2_column_number_density,20210318T061618_20210319T234231_tropospheric_NO2_column_number_density,20210318T075748_20210320T011454_tropospheric_NO2_column_number_density,20210318T093919_20210320T031550_tropospheric_NO2_column_number_density,20210318T112049_20210320T044337_tropospheric_NO2_column_number_density,20210318T130220_20210320T063231_tropospheric_NO2_column_number_density,20210318T144350_20210320T081012_tropospheric_NO2_column_number_density,20210318T162520_20210320T094718_tropospheric_NO2_column_number_density,20210318T180651_20210320T110759_tropospheric_NO2_column_number_density,20210318T194821_20210320T131217_tropospheric_NO2_column_number_density,20210318T212951_20210320T145251_tropospheric_NO2_column_number_density,20210318T231122_20210320T162114_tropospheric_NO2_column_number_density,20210319T005252_20210320T181715_tropospheric_NO2_column_number_density,20210319T023422_20210320T193624_tropospheric_NO2_column_number_density,20210319T041553_20210320T213216_tropospheric_NO2_column_number_density,20210319T055723_20210320T230757_tropospheric_NO2_column_number_density,20210319T073854_20210321T005615_tropospheric_NO2_column_number_density,20210319T092024_20210321T023005_tropospheric_NO2_column_number_density,20210319T110154_20210321T043758_tropospheric_NO2_column_number_density,20210319T124325_20210321T061152_tropospheric_NO2_column_number_density,20210319T142455_20210321T072533_tropospheric_NO2_column_number_density,20210319T160625_20210321T090618_tropospheric_NO2_column_number_density,20210319T174756_20210321T111107_tropospheric_NO2_column_number_density,20210319T192926_20210321T124835_tropospheric_NO2_column_number_density,20210319T211056_20210321T143027_tropospheric_NO2_column_number_density,20210319T225227_20210321T160415_tropospheric_NO2_column_number_density,20210320T003357_20210321T175003_tropospheric_NO2_column_number_density,20210320T021528_20210321T192613_tropospheric_NO2_column_number_density,20210320T035658_20210321T211039_tropospheric_NO2_column_number_density,20210320T053828_20210321T225854_tropospheric_NO2_column_number_density,20210320T071959_20210322T002625_tropospheric_NO2_column_number_density,20210320T090129_20210322T022939_tropospheric_NO2_column_number_density,20210320T104259_20210322T041919_tropospheric_NO2_column_number_density,20210320T122430_20210322T055434_tropospheric_NO2_column_number_density,20210320T140600_20210322T071346_tropospheric_NO2_column_number_density,20210320T154730_20210322T090436_tropospheric_NO2_column_number_density,20210320T172901_20210322T103957_tropospheric_NO2_column_number_density,20210320T191031_20210322T123834_tropospheric_NO2_column_number_density,20210320T205202_20210322T140035_tropospheric_NO2_column_number_density,20210320T223332_20210322T153641_tropospheric_NO2_column_number_density,20210321T001502_20210322T171128_tropospheric_NO2_column_number_density,20210321T015633_20210322T185617_tropospheric_NO2_column_number_density,20210321T033803_20210322T205858_tropospheric_NO2_column_number_density,20210321T051933_20210322T223531_tropospheric_NO2_column_number_density,20210321T070104_20210323T003203_tropospheric_NO2_column_number_density,20210321T084234_20210323T020417_tropospheric_NO2_column_number_density,20210321T102405_20210323T034411_tropospheric_NO2_column_number_density,20210321T120535_20210323T055508_tropospheric_NO2_column_number_density,20210321T134705_20210323T065710_tropospheric_NO2_column_number_density,20210321T152836_20210323T082356_tropospheric_NO2_column_number_density,20210321T171006_20210323T102409_tropospheric_NO2_column_number_density,20210321T185136_20210323T121047_tropospheric_NO2_column_number_density,20210321T203307_20210323T135416_tropospheric_NO2_column_number_density,20210321T221437_20210323T151320_tropospheric_NO2_column_number_density,20210321T235607_20210323T165633_tropospheric_NO2_column_number_density,20210322T013738_20210323T184645_tropospheric_NO2_column_number_density,20210322T031908_20210323T203521_tropospheric_NO2_column_number_density,20210322T050038_20210323T222324_tropospheric_NO2_column_number_density,20210322T064209_20210324T000646_tropospheric_NO2_column_number_density,20210322T082339_20210324T013921_tropospheric_NO2_column_number_density,20210322T100510_20210324T032355_tropospheric_NO2_column_number_density,20210322T114640_20210324T051859_tropospheric_NO2_column_number_density,20210322T132810_20210324T064640_tropospheric_NO2_column_number_density,20210322T150941_20210324T082905_tropospheric_NO2_column_number_density,20210322T165111_20210324T101745_tropospheric_NO2_column_number_density,20210322T183241_20210324T114401_tropospheric_NO2_column_number_density,20210322T201412_20210324T132451_tropospheric_NO2_column_number_density,20210322T215542_20210324T150202_tropospheric_NO2_column_number_density,20210322T233712_20210324T164337_tropospheric_NO2_column_number_density,20210323T011843_20210324T180939_tropospheric_NO2_column_number_density,20210323T030013_20210324T200216_tropospheric_NO2_column_number_density,20210323T044143_20210324T221945_tropospheric_NO2_column_number_density,20210323T062314_20210324T233228_tropospheric_NO2_column_number_density,20210323T080444_20210325T005500_tropospheric_NO2_column_number_density,20210323T094615_20210325T025424_tropospheric_NO2_column_number_density,20210323T112745_20210325T051027_tropospheric_NO2_column_number_density,20210323T130915_20210325T061459_tropospheric_NO2_column_number_density,20210323T145046_20210325T075803_tropospheric_NO2_column_number_density,20210323T163216_20210325T094338_tropospheric_NO2_column_number_density,20210323T181346_20210325T112034_tropospheric_NO2_column_number_density,20210323T195517_20210325T130859_tropospheric_NO2_column_number_density,20210323T213647_20210325T143308_tropospheric_NO2_column_number_density,20210323T231817_20210325T163355_tropospheric_NO2_column_number_density,20210324T005948_20210325T180309_tropospheric_NO2_column_number_density,20210324T024118_20210325T195518_tropospheric_NO2_column_number_density,20210324T042248_20210325T214621_tropospheric_NO2_column_number_density,20210324T060419_20210325T232713_tropospheric_NO2_column_number_density,20210324T074549_20210326T004956_tropospheric_NO2_column_number_density,20210324T092720_20210326T023628_tropospheric_NO2_column_number_density,20210324T110850_20210326T044209_tropospheric_NO2_column_number_density,20210324T125020_20210326T060936_tropospheric_NO2_column_number_density,20210324T143151_20210326T074619_tropospheric_NO2_column_number_density,20210324T161321_20210326T092243_tropospheric_NO2_column_number_density,20210324T175451_20210326T112958_tropospheric_NO2_column_number_density,20210324T193622_20210326T125351_tropospheric_NO2_column_number_density,20210324T211752_20210326T144018_tropospheric_NO2_column_number_density,20210324T225923_20210326T161446_tropospheric_NO2_column_number_density,20210325T004053_20210326T175036_tropospheric_NO2_column_number_density,20210325T022223_20210326T191453_tropospheric_NO2_column_number_density,20210325T040354_20210326T212326_tropospheric_NO2_column_number_density,20210325T054524_20210326T231441_tropospheric_NO2_column_number_density,20210325T072654_20210327T001540_tropospheric_NO2_column_number_density,20210325T090825_20210327T022145_tropospheric_NO2_column_number_density,20210325T104955_20210327T044257_tropospheric_NO2_column_number_density,20210325T123125_20210327T060331_tropospheric_NO2_column_number_density,20210325T141256_20210327T073348_tropospheric_NO2_column_number_density,20210325T155426_20210327T085014_tropospheric_NO2_column_number_density,20210325T173556_20210327T110101_tropospheric_NO2_column_number_density,20210325T191727_20210327T124249_tropospheric_NO2_column_number_density,20210325T205857_20210327T144126_tropospheric_NO2_column_number_density,20210325T224028_20210327T154245_tropospheric_NO2_column_number_density,20210326T002158_20210327T172156_tropospheric_NO2_column_number_density,20210326T020328_20210327T183924_tropospheric_NO2_column_number_density,20210326T034459_20210327T203931_tropospheric_NO2_column_number_density,20210326T052629_20210327T224851_tropospheric_NO2_column_number_density,20210326T070759_20210328T000350_tropospheric_NO2_column_number_density,20210326T084930_20210328T022103_tropospheric_NO2_column_number_density,20210326T103100_20210328T041830_tropospheric_NO2_column_number_density,20210326T121231_20210328T052956_tropospheric_NO2_column_number_density,20210326T135401_20210328T065501_tropospheric_NO2_column_number_density,20210326T153531_20210328T084215_tropospheric_NO2_column_number_density,20210326T171701_20210328T103307_tropospheric_NO2_column_number_density,20210326T185832_20210328T122253_tropospheric_NO2_column_number_density,20210326T204002_20210328T141347_tropospheric_NO2_column_number_density,20210326T222133_20210328T152351_tropospheric_NO2_column_number_density,20210327T000303_20210328T172138_tropospheric_NO2_column_number_density,20210327T014433_20210328T184055_tropospheric_NO2_column_number_density,20210327T032604_20210328T203815_tropospheric_NO2_column_number_density,20210327T050734_20210328T221929_tropospheric_NO2_column_number_density,20210327T064904_20210328T235336_tropospheric_NO2_column_number_density,20210327T083035_20210329T015732_tropospheric_NO2_column_number_density,20210327T101205_20210329T033009_tropospheric_NO2_column_number_density,20210327T115336_20210329T052835_tropospheric_NO2_column_number_density,20210327T133506_20210329T064818_tropospheric_NO2_column_number_density,20210327T151636_20210329T083926_tropospheric_NO2_column_number_density,20210327T165806_20210329T100000_tropospheric_NO2_column_number_density,20210327T183937_20210329T122205_tropospheric_NO2_column_number_density,20210327T202107_20210329T133621_tropospheric_NO2_column_number_density,20210327T220238_20210329T153300_tropospheric_NO2_column_number_density,20210327T234408_20210329T165857_tropospheric_NO2_column_number_density,20210328T012538_20210329T182253_tropospheric_NO2_column_number_density,20210328T030709_20210329T200538_tropospheric_NO2_column_number_density,20210328T044839_20210329T221247_tropospheric_NO2_column_number_density,20210328T063009_20210329T233242_tropospheric_NO2_column_number_density,20210328T081140_20210330T012507_tropospheric_NO2_column_number_density,20210328T095310_20210330T031244_tropospheric_NO2_column_number_density,20210328T113441_20210330T050349_tropospheric_NO2_column_number_density,20210328T131611_20210330T062110_tropospheric_NO2_column_number_density,20210328T145741_20210330T082006_tropospheric_NO2_column_number_density,20210328T163911_20210330T095806_tropospheric_NO2_column_number_density,20210328T182042_20210330T114724_tropospheric_NO2_column_number_density,20210328T200212_20210330T131849_tropospheric_NO2_column_number_density,20210328T214343_20210330T151440_tropospheric_NO2_column_number_density,20210328T232513_20210330T162615_tropospheric_NO2_column_number_density,20210329T010643_20210330T181818_tropospheric_NO2_column_number_density,20210329T024814_20210330T195544_tropospheric_NO2_column_number_density,20210329T042944_20210330T214237_tropospheric_NO2_column_number_density,20210329T061114_20210330T230131_tropospheric_NO2_column_number_density,20210329T075245_20210331T012246_tropospheric_NO2_column_number_density,20210329T093415_20210331T025841_tropospheric_NO2_column_number_density,20210329T111545_20210331T045425_tropospheric_NO2_column_number_density,20210329T125716_20210331T061422_tropospheric_NO2_column_number_density,20210329T143846_20210331T073853_tropospheric_NO2_column_number_density,20210329T162016_20210331T093934_tropospheric_NO2_column_number_density,20210329T180147_20210331T112711_tropospheric_NO2_column_number_density,20210329T194317_20210331T130231_tropospheric_NO2_column_number_density,20210329T212448_20210331T143646_tropospheric_NO2_column_number_density,20210329T230618_20210331T161157_tropospheric_NO2_column_number_density,20210330T004748_20210331T180040_tropospheric_NO2_column_number_density,20210330T022919_20210331T193545_tropospheric_NO2_column_number_density,20210330T041049_20210331T210831_tropospheric_NO2_column_number_density,20210330T055219_20210331T225604_tropospheric_NO2_column_number_density,20210330T073350_20210401T011336_tropospheric_NO2_column_number_density,20210330T091520_20210401T021804_tropospheric_NO2_column_number_density,20210330T105650_20210401T043223_tropospheric_NO2_column_number_density,20210330T123821_20210401T055229_tropospheric_NO2_column_number_density,20210330T141951_20210401T071707_tropospheric_NO2_column_number_density,20210330T160121_20210401T091944_tropospheric_NO2_column_number_density,20210330T174252_20210401T105448_tropospheric_NO2_column_number_density,20210330T192422_20210401T124225_tropospheric_NO2_column_number_density,20210330T210552_20210401T143348_tropospheric_NO2_column_number_density,20210330T224723_20210401T160611_tropospheric_NO2_column_number_density,system:index,Maille,grid_name
,,,,4.853978544941286E-5,,,,,,,,,,,,,,4.838335493870057E-5,,,,,,,,,,,,,,,,,,,,,,,,,,,,,7.078008225949666E-5,,,,,,,,,,,,,,4.345076455394665E-5,,,,,,,,,,,,,,4.4858526712688726E-5,,,,,,,,,,,,,,5.4007252717762644E-5,,,,,,,,,,,,,,4.75796057525046E-5,,,,,,,,,,,,,,3.049429095734007E-5,4.691136323125557E-5,,,,,,,,,,,,,,3.347805202822384E-5,,,,,,,,,,,,,,4.5494589962874874E-5,,,,,,,,,,,,,,5.79526660338133E-5,,,,,,,,,,,,,,4.1072505648557993E-5,,,,,,,,,,,,,,4.346214533903546E-5,5.4854625849227586E-5,,,,,,,,,,,,,,3.480024779433443E-5,,,,,,,,,,0,0,grids_agra
