20211201T002746_20211202T162505_tropospheric_NO2_column_number_density,20211201T020916_20211202T180008_tropospheric_NO2_column_number_density,20211201T035045_20211202T195801_tropospheric_NO2_column_number_density,20211201T053215_20211202T214052_tropospheric_NO2_column_number_density,20211201T071345_20211202T231656_tropospheric_NO2_column_number_density,20211201T085515_20211203T010433_tropospheric_NO2_column_number_density,20211201T103644_20211203T025640_tropospheric_NO2_column_number_density,20211201T121814_20211203T043833_tropospheric_NO2_column_number_density,20211201T135944_20211203T055213_tropospheric_NO2_column_number_density,20211201T154113_20211203T074418_tropospheric_NO2_column_number_density,20211201T172243_20211203T092032_tropospheric_NO2_column_number_density,20211201T190413_20211203T111036_tropospheric_NO2_column_number_density,20211201T204542_20211203T125248_tropospheric_NO2_column_number_density,20211201T222712_20211203T141243_tropospheric_NO2_column_number_density,20211202T000842_20211203T160448_tropospheric_NO2_column_number_density,20211202T015012_20211203T174011_tropospheric_NO2_column_number_density,20211202T033141_20211203T192820_tropospheric_NO2_column_number_density,20211202T051311_20211203T211622_tropospheric_NO2_column_number_density,20211202T065441_20211203T225847_tropospheric_NO2_column_number_density,20211202T083610_20211204T004330_tropospheric_NO2_column_number_density,20211202T101740_20211204T022557_tropospheric_NO2_column_number_density,20211202T115910_20211204T041906_tropospheric_NO2_column_number_density,20211202T134040_20211204T054658_tropospheric_NO2_column_number_density,20211202T152209_20211204T072027_tropospheric_NO2_column_number_density,20211202T170339_20211204T090622_tropospheric_NO2_column_number_density,20211202T184509_20211204T105227_tropospheric_NO2_column_number_density,20211202T202638_20211204T124351_tropospheric_NO2_column_number_density,20211202T220808_20211204T135908_tropospheric_NO2_column_number_density,20211202T234938_20211204T155218_tropospheric_NO2_column_number_density,20211203T013108_20211204T172330_tropospheric_NO2_column_number_density,20211203T031237_20211204T190715_tropospheric_NO2_column_number_density,20211203T045407_20211204T205602_tropospheric_NO2_column_number_density,20211203T063537_20211204T223943_tropospheric_NO2_column_number_density,20211203T081706_20211205T001636_tropospheric_NO2_column_number_density,20211203T095836_20211205T015851_tropospheric_NO2_column_number_density,20211203T114006_20211205T035714_tropospheric_NO2_column_number_density,20211203T132136_20211205T054313_tropospheric_NO2_column_number_density,20211203T150305_20211205T065025_tropospheric_NO2_column_number_density,20211203T164435_20211205T084439_tropospheric_NO2_column_number_density,20211203T182605_20211205T103934_tropospheric_NO2_column_number_density,20211203T200734_20211205T121721_tropospheric_NO2_column_number_density,20211203T214904_20211205T134459_tropospheric_NO2_column_number_density,20211203T233034_20211205T153424_tropospheric_NO2_column_number_density,20211204T011204_20211205T165921_tropospheric_NO2_column_number_density,20211204T025333_20211205T185116_tropospheric_NO2_column_number_density,20211204T043503_20211205T203650_tropospheric_NO2_column_number_density,20211204T061633_20211205T222226_tropospheric_NO2_column_number_density,20211204T075803_20211205T235239_tropospheric_NO2_column_number_density,20211204T093932_20211206T013920_tropospheric_NO2_column_number_density,20211204T112102_20211206T034039_tropospheric_NO2_column_number_density,20211204T130232_20211206T052440_tropospheric_NO2_column_number_density,20211204T144401_20211206T064257_tropospheric_NO2_column_number_density,20211204T162531_20211206T082536_tropospheric_NO2_column_number_density,20211204T180701_20211206T101805_tropospheric_NO2_column_number_density,20211204T194831_20211206T115518_tropospheric_NO2_column_number_density,20211204T213000_20211206T132541_tropospheric_NO2_column_number_density,20211204T231130_20211206T151609_tropospheric_NO2_column_number_density,20211205T005300_20211206T165221_tropospheric_NO2_column_number_density,20211205T023430_20211206T183736_tropospheric_NO2_column_number_density,20211205T041559_20211206T202542_tropospheric_NO2_column_number_density,20211205T055729_20211206T220015_tropospheric_NO2_column_number_density,20211205T073859_20211206T233826_tropospheric_NO2_column_number_density,20211205T092029_20211207T012212_tropospheric_NO2_column_number_density,20211205T110158_20211207T031847_tropospheric_NO2_column_number_density,20211205T124328_20211207T051155_tropospheric_NO2_column_number_density,20211205T142458_20211207T063314_tropospheric_NO2_column_number_density,20211205T160627_20211207T080638_tropospheric_NO2_column_number_density,20211205T174757_20211207T095053_tropospheric_NO2_column_number_density,20211205T192927_20211207T113439_tropospheric_NO2_column_number_density,20211205T211057_20211207T130757_tropospheric_NO2_column_number_density,20211205T225227_20211207T145432_tropospheric_NO2_column_number_density,20211206T003356_20211207T164421_tropospheric_NO2_column_number_density,20211206T021526_20211207T180956_tropospheric_NO2_column_number_density,20211206T035656_20211207T195836_tropospheric_NO2_column_number_density,20211206T053825_20211207T214908_tropospheric_NO2_column_number_density,20211206T071955_20211207T231524_tropospheric_NO2_column_number_density,20211206T090125_20211208T010606_tropospheric_NO2_column_number_density,20211206T104255_20211208T025805_tropospheric_NO2_column_number_density,20211206T122425_20211208T044804_tropospheric_NO2_column_number_density,20211206T154724_20211208T074007_tropospheric_NO2_column_number_density,20211206T172854_20211208T092414_tropospheric_NO2_column_number_density,20211206T191024_20211208T111205_tropospheric_NO2_column_number_density,20211206T205153_20211208T125319_tropospheric_NO2_column_number_density,20211206T223323_20211208T143950_tropospheric_NO2_column_number_density,20211207T001453_20211208T162616_tropospheric_NO2_column_number_density,20211207T015623_20211208T174231_tropospheric_NO2_column_number_density,20211207T033752_20211208T194333_tropospheric_NO2_column_number_density,20211207T051922_20211208T212806_tropospheric_NO2_column_number_density,20211207T070052_20211208T230848_tropospheric_NO2_column_number_density,20211207T084222_20211209T003725_tropospheric_NO2_column_number_density,20211207T102352_20211209T024517_tropospheric_NO2_column_number_density,20211207T120521_20211209T043348_tropospheric_NO2_column_number_density,20211207T134651_20211209T060146_tropospheric_NO2_column_number_density,20211207T152821_20211209T071655_tropospheric_NO2_column_number_density,20211207T170950_20211209T090648_tropospheric_NO2_column_number_density,20211207T185120_20211209T105311_tropospheric_NO2_column_number_density,20211207T203250_20211209T123739_tropospheric_NO2_column_number_density,20211207T221420_20211209T142609_tropospheric_NO2_column_number_density,20211207T235550_20211209T160145_tropospheric_NO2_column_number_density,20211208T013719_20211209T172350_tropospheric_NO2_column_number_density,20211208T031849_20211209T191630_tropospheric_NO2_column_number_density,20211208T050019_20211209T211308_tropospheric_NO2_column_number_density,20211208T064148_20211209T224907_tropospheric_NO2_column_number_density,20211208T082318_20211210T002402_tropospheric_NO2_column_number_density,20211208T100448_20211210T022323_tropospheric_NO2_column_number_density,20211208T114618_20211210T041345_tropospheric_NO2_column_number_density,20211208T132748_20211210T054237_tropospheric_NO2_column_number_density,20211208T150917_20211210T065148_tropospheric_NO2_column_number_density,20211208T165047_20211210T084502_tropospheric_NO2_column_number_density,20211208T183217_20211210T103527_tropospheric_NO2_column_number_density,20211208T201347_20211210T121200_tropospheric_NO2_column_number_density,20211208T215517_20211210T140649_tropospheric_NO2_column_number_density,20211208T233646_20211210T153533_tropospheric_NO2_column_number_density,20211209T011816_20211210T171205_tropospheric_NO2_column_number_density,20211209T025946_20211210T185208_tropospheric_NO2_column_number_density,20211209T044115_20211210T205628_tropospheric_NO2_column_number_density,20211209T062245_20211210T222832_tropospheric_NO2_column_number_density,20211209T080415_20211211T000553_tropospheric_NO2_column_number_density,20211209T094545_20211211T020737_tropospheric_NO2_column_number_density,20211209T112715_20211211T034711_tropospheric_NO2_column_number_density,20211209T130845_20211211T053205_tropospheric_NO2_column_number_density,20211209T145014_20211211T063918_tropospheric_NO2_column_number_density,20211209T163144_20211211T083042_tropospheric_NO2_column_number_density,20211209T181314_20211211T102446_tropospheric_NO2_column_number_density,20211209T195444_20211211T120514_tropospheric_NO2_column_number_density,20211209T213613_20211211T134807_tropospheric_NO2_column_number_density,20211209T231743_20211211T151733_tropospheric_NO2_column_number_density,20211210T005913_20211211T165553_tropospheric_NO2_column_number_density,20211210T024043_20211211T182632_tropospheric_NO2_column_number_density,20211210T042212_20211211T202718_tropospheric_NO2_column_number_density,20211210T060342_20211211T220952_tropospheric_NO2_column_number_density,20211210T074512_20211211T235635_tropospheric_NO2_column_number_density,20211210T092642_20211212T014057_tropospheric_NO2_column_number_density,20211210T110812_20211212T032906_tropospheric_NO2_column_number_density,20211210T124942_20211212T051146_tropospheric_NO2_column_number_density,20211210T143111_20211212T063629_tropospheric_NO2_column_number_density,20211210T161241_20211212T081522_tropospheric_NO2_column_number_density,20211210T175411_20211212T095858_tropospheric_NO2_column_number_density,20211210T193541_20211212T115322_tropospheric_NO2_column_number_density,20211210T211710_20211212T132934_tropospheric_NO2_column_number_density,20211210T225840_20211212T145345_tropospheric_NO2_column_number_density,20211211T004010_20211212T162949_tropospheric_NO2_column_number_density,20211211T022140_20211212T181145_tropospheric_NO2_column_number_density,20211211T040310_20211212T201122_tropospheric_NO2_column_number_density,20211211T054439_20211212T214750_tropospheric_NO2_column_number_density,20211211T072609_20211212T234328_tropospheric_NO2_column_number_density,20211211T090739_20211213T011902_tropospheric_NO2_column_number_density,20211211T123039_20211213T050024_tropospheric_NO2_column_number_density,20211211T141208_20211213T061839_tropospheric_NO2_column_number_density,20211211T155338_20211213T074601_tropospheric_NO2_column_number_density,20211211T173508_20211213T075744_tropospheric_NO2_column_number_density,20211211T191638_20211213T114120_tropospheric_NO2_column_number_density,20211211T205808_20211213T131303_tropospheric_NO2_column_number_density,20211211T223937_20211213T144213_tropospheric_NO2_column_number_density,20211212T002107_20211213T160754_tropospheric_NO2_column_number_density,20211212T020237_20211213T175334_tropospheric_NO2_column_number_density,20211212T034407_20211213T194726_tropospheric_NO2_column_number_density,20211212T052537_20211213T213326_tropospheric_NO2_column_number_density,20211212T070706_20211213T232509_tropospheric_NO2_column_number_density,20211212T084836_20211214T010248_tropospheric_NO2_column_number_density,20211212T103006_20211214T024420_tropospheric_NO2_column_number_density,20211212T121136_20211214T043505_tropospheric_NO2_column_number_density,20211212T135306_20211214T055907_tropospheric_NO2_column_number_density,20211212T153435_20211214T072501_tropospheric_NO2_column_number_density,20211212T171605_20211214T091306_tropospheric_NO2_column_number_density,20211212T185735_20211214T122229_tropospheric_NO2_column_number_density,20211212T203905_20211214T125105_tropospheric_NO2_column_number_density,20211212T222035_20211214T142611_tropospheric_NO2_column_number_density,20211213T000205_20211214T154639_tropospheric_NO2_column_number_density,20211213T014334_20211214T172523_tropospheric_NO2_column_number_density,20211213T032504_20211214T192754_tropospheric_NO2_column_number_density,20211213T050634_20211214T211722_tropospheric_NO2_column_number_density,20211213T064804_20211214T230732_tropospheric_NO2_column_number_density,20211213T082934_20211215T004413_tropospheric_NO2_column_number_density,20211213T101104_20211215T022657_tropospheric_NO2_column_number_density,20211213T115233_20211215T041546_tropospheric_NO2_column_number_density,20211213T133403_20211215T054228_tropospheric_NO2_column_number_density,20211213T151533_20211215T070645_tropospheric_NO2_column_number_density,20211213T165703_20211215T084355_tropospheric_NO2_column_number_density,20211213T183832_20211215T105512_tropospheric_NO2_column_number_density,20211213T202002_20211215T122544_tropospheric_NO2_column_number_density,20211213T220132_20211215T140337_tropospheric_NO2_column_number_density,20211213T234302_20211215T152201_tropospheric_NO2_column_number_density,20211214T012432_20211215T170444_tropospheric_NO2_column_number_density,20211214T030602_20211215T190254_tropospheric_NO2_column_number_density,20211214T044731_20211215T205456_tropospheric_NO2_column_number_density,20211214T062901_20211215T224455_tropospheric_NO2_column_number_density,20211214T081031_20211216T002249_tropospheric_NO2_column_number_density,20211214T095201_20211216T020158_tropospheric_NO2_column_number_density,20211214T113331_20211216T035307_tropospheric_NO2_column_number_density,20211214T131501_20211216T052411_tropospheric_NO2_column_number_density,20211214T145630_20211216T064613_tropospheric_NO2_column_number_density,20211214T163800_20211216T082613_tropospheric_NO2_column_number_density,20211214T181930_20211216T102610_tropospheric_NO2_column_number_density,20211214T200100_20211216T121530_tropospheric_NO2_column_number_density,20211214T214230_20211216T134811_tropospheric_NO2_column_number_density,20211214T232400_20211216T150828_tropospheric_NO2_column_number_density,system:index,Maille,grid_name
,,,,1.3537992436784706E-5,,,,,,,,,,,,,,,,,,,,,,,,,,,,,,,,,,,,,,,,,,,,,,,,,,,,,,,,,,,,,,,,,,,,,,,2.442636054531695E-5,,,,,,,,,,,,,2.7692852160502307E-5,,,,,,,,,,,,,,,,,,,,,,,,,,,,,,,,,,,,,,,,,,,2.2333713677551966E-5,,,,,,,,,,,,,,2.3639170708282124E-5,,,,,,,,,,,,,2.2833620089491747E-5,,,,,,,,,,,,,,2.3831777256100627E-5,,,,,,,,,,,,,,,,,,,,,,,,,0,0,grids_madurai
