20210401T000958_20210402T165306_tropospheric_NO2_column_number_density,20210401T015128_20210402T182115_tropospheric_NO2_column_number_density,20210401T033259_20210402T204516_tropospheric_NO2_column_number_density,20210401T051429_20210402T221406_tropospheric_NO2_column_number_density,20210401T065559_20210403T002119_tropospheric_NO2_column_number_density,20210401T083730_20210403T015727_tropospheric_NO2_column_number_density,20210401T101900_20210403T034304_tropospheric_NO2_column_number_density,20210401T120031_20210403T054635_tropospheric_NO2_column_number_density,20210401T134201_20210403T064526_tropospheric_NO2_column_number_density,20210401T152331_20210403T084754_tropospheric_NO2_column_number_density,20210401T170501_20210403T104625_tropospheric_NO2_column_number_density,20210401T184632_20210403T122851_tropospheric_NO2_column_number_density,20210401T202802_20210403T133649_tropospheric_NO2_column_number_density,20210401T220933_20210403T150909_tropospheric_NO2_column_number_density,20210401T235103_20210403T163100_tropospheric_NO2_column_number_density,20210402T013233_20210403T180423_tropospheric_NO2_column_number_density,20210402T031404_20210403T201735_tropospheric_NO2_column_number_density,20210402T045534_20210403T220041_tropospheric_NO2_column_number_density,20210402T063704_20210404T001110_tropospheric_NO2_column_number_density,20210402T081835_20210404T010951_tropospheric_NO2_column_number_density,20210402T100005_20210404T032637_tropospheric_NO2_column_number_density,20210402T114135_20210404T050730_tropospheric_NO2_column_number_density,20210402T132306_20210404T063615_tropospheric_NO2_column_number_density,20210402T150436_20210404T082605_tropospheric_NO2_column_number_density,20210402T164606_20210404T103347_tropospheric_NO2_column_number_density,20210402T182737_20210404T120520_tropospheric_NO2_column_number_density,20210402T200907_20210404T131130_tropospheric_NO2_column_number_density,20210402T215037_20210404T145515_tropospheric_NO2_column_number_density,20210402T233208_20210404T162623_tropospheric_NO2_column_number_density,20210403T011338_20210404T175122_tropospheric_NO2_column_number_density,20210403T025508_20210404T195642_tropospheric_NO2_column_number_density,20210403T043639_20210404T215208_tropospheric_NO2_column_number_density,20210403T061809_20210404T233828_tropospheric_NO2_column_number_density,20210403T075939_20210405T005747_tropospheric_NO2_column_number_density,20210403T094110_20210405T030326_tropospheric_NO2_column_number_density,20210403T112240_20210405T044553_tropospheric_NO2_column_number_density,20210403T130411_20210405T063932_tropospheric_NO2_column_number_density,20210403T144541_20210405T081004_tropospheric_NO2_column_number_density,20210403T162711_20210405T100624_tropospheric_NO2_column_number_density,20210403T180841_20210405T113901_tropospheric_NO2_column_number_density,20210403T195012_20210405T131550_tropospheric_NO2_column_number_density,20210403T213142_20210405T144331_tropospheric_NO2_column_number_density,20210403T231313_20210405T155451_tropospheric_NO2_column_number_density,20210404T005443_20210405T173339_tropospheric_NO2_column_number_density,20210404T023613_20210405T192256_tropospheric_NO2_column_number_density,20210404T041743_20210405T220542_tropospheric_NO2_column_number_density,20210404T055914_20210405T232107_tropospheric_NO2_column_number_density,20210404T074044_20210406T003341_tropospheric_NO2_column_number_density,20210404T092215_20210406T022602_tropospheric_NO2_column_number_density,20210404T110345_20210406T043200_tropospheric_NO2_column_number_density,20210404T124515_20210406T062009_tropospheric_NO2_column_number_density,20210404T142646_20210406T073042_tropospheric_NO2_column_number_density,20210404T160816_20210406T091810_tropospheric_NO2_column_number_density,20210404T174946_20210406T110017_tropospheric_NO2_column_number_density,20210404T193117_20210406T123806_tropospheric_NO2_column_number_density,20210404T211247_20210406T143002_tropospheric_NO2_column_number_density,20210404T225417_20210406T155839_tropospheric_NO2_column_number_density,20210405T003548_20210406T172053_tropospheric_NO2_column_number_density,20210405T021718_20210406T191321_tropospheric_NO2_column_number_density,20210405T035848_20210406T212324_tropospheric_NO2_column_number_density,20210405T054019_20210406T230519_tropospheric_NO2_column_number_density,20210405T072149_20210407T003739_tropospheric_NO2_column_number_density,20210405T090319_20210407T020033_tropospheric_NO2_column_number_density,20210405T104450_20210407T042710_tropospheric_NO2_column_number_density,20210405T122620_20210407T055804_tropospheric_NO2_column_number_density,20210405T140750_20210407T070712_tropospheric_NO2_column_number_density,20210405T154921_20210407T091712_tropospheric_NO2_column_number_density,20210405T173051_20210407T103515_tropospheric_NO2_column_number_density,20210405T191221_20210407T122342_tropospheric_NO2_column_number_density,20210405T205352_20210407T140124_tropospheric_NO2_column_number_density,20210405T223522_20210407T161434_tropospheric_NO2_column_number_density,20210406T001652_20210407T173111_tropospheric_NO2_column_number_density,20210406T015823_20210407T184924_tropospheric_NO2_column_number_density,20210406T033953_20210407T211354_tropospheric_NO2_column_number_density,20210406T052123_20210407T224251_tropospheric_NO2_column_number_density,20210406T070254_20210408T002731_tropospheric_NO2_column_number_density,20210406T084424_20210408T014808_tropospheric_NO2_column_number_density,20210406T102555_20210408T041200_tropospheric_NO2_column_number_density,20210406T120725_20210408T053844_tropospheric_NO2_column_number_density,20210406T134855_20210408T072728_tropospheric_NO2_column_number_density,20210406T153025_20210408T085748_tropospheric_NO2_column_number_density,20210406T171156_20210408T103907_tropospheric_NO2_column_number_density,20210406T185326_20210408T120747_tropospheric_NO2_column_number_density,20210406T203456_20210408T134709_tropospheric_NO2_column_number_density,20210406T221627_20210408T153245_tropospheric_NO2_column_number_density,20210406T235757_20210408T170439_tropospheric_NO2_column_number_density,20210407T013927_20210408T184723_tropospheric_NO2_column_number_density,20210407T032058_20210408T204308_tropospheric_NO2_column_number_density,20210407T050228_20210408T222645_tropospheric_NO2_column_number_density,20210407T064358_20210409T000251_tropospheric_NO2_column_number_density,20210407T082529_20210409T012924_tropospheric_NO2_column_number_density,20210407T100659_20210409T034104_tropospheric_NO2_column_number_density,20210407T114830_20210409T052613_tropospheric_NO2_column_number_density,20210407T133000_20210409T065420_tropospheric_NO2_column_number_density,20210407T151130_20210409T082657_tropospheric_NO2_column_number_density,20210407T165300_20210409T100644_tropospheric_NO2_column_number_density,20210407T183431_20210409T114209_tropospheric_NO2_column_number_density,20210407T201601_20210409T133957_tropospheric_NO2_column_number_density,20210407T215731_20210409T151526_tropospheric_NO2_column_number_density,20210407T233902_20210409T162924_tropospheric_NO2_column_number_density,20210408T012032_20210409T181907_tropospheric_NO2_column_number_density,20210408T030202_20210409T200549_tropospheric_NO2_column_number_density,20210408T044333_20210409T214926_tropospheric_NO2_column_number_density,20210408T062503_20210409T234848_tropospheric_NO2_column_number_density,20210408T080633_20210410T011130_tropospheric_NO2_column_number_density,20210408T094804_20210410T031432_tropospheric_NO2_column_number_density,20210408T112934_20210410T050120_tropospheric_NO2_column_number_density,20210408T131104_20210410T064221_tropospheric_NO2_column_number_density,20210408T145235_20210410T075200_tropospheric_NO2_column_number_density,20210408T163405_20210410T095017_tropospheric_NO2_column_number_density,20210408T181535_20210410T112351_tropospheric_NO2_column_number_density,20210408T195706_20210410T131243_tropospheric_NO2_column_number_density,20210408T213836_20210410T145131_tropospheric_NO2_column_number_density,20210408T232006_20210410T161218_tropospheric_NO2_column_number_density,20210409T010137_20210410T175220_tropospheric_NO2_column_number_density,20210409T024307_20210410T193037_tropospheric_NO2_column_number_density,20210409T042437_20210410T220704_tropospheric_NO2_column_number_density,20210409T060608_20210410T233130_tropospheric_NO2_column_number_density,20210409T074738_20210411T010314_tropospheric_NO2_column_number_density,20210409T092908_20210411T023221_tropospheric_NO2_column_number_density,20210409T111039_20210411T045824_tropospheric_NO2_column_number_density,20210409T125209_20210411T060807_tropospheric_NO2_column_number_density,20210409T143339_20210411T074831_tropospheric_NO2_column_number_density,20210409T161510_20210411T092742_tropospheric_NO2_column_number_density,20210409T175640_20210411T112145_tropospheric_NO2_column_number_density,20210409T193810_20210411T130506_tropospheric_NO2_column_number_density,20210409T211941_20210411T142631_tropospheric_NO2_column_number_density,20210409T230111_20210411T161241_tropospheric_NO2_column_number_density,20210410T004241_20210411T173347_tropospheric_NO2_column_number_density,20210410T022412_20210411T190923_tropospheric_NO2_column_number_density,20210410T040542_20210411T212855_tropospheric_NO2_column_number_density,20210410T054712_20210411T230151_tropospheric_NO2_column_number_density,20210410T072842_20210412T004456_tropospheric_NO2_column_number_density,20210410T091013_20210412T021520_tropospheric_NO2_column_number_density,20210410T105143_20210412T042830_tropospheric_NO2_column_number_density,20210410T123314_20210412T055729_tropospheric_NO2_column_number_density,20210410T141444_20210412T070757_tropospheric_NO2_column_number_density,20210410T155614_20210412T091047_tropospheric_NO2_column_number_density,20210410T173744_20210412T104514_tropospheric_NO2_column_number_density,20210410T191915_20210412T124828_tropospheric_NO2_column_number_density,20210410T210045_20210412T140738_tropospheric_NO2_column_number_density,20210410T224215_20210412T155910_tropospheric_NO2_column_number_density,20210411T002346_20210412T172158_tropospheric_NO2_column_number_density,20210411T020516_20210412T182512_tropospheric_NO2_column_number_density,20210411T034646_20210412T211056_tropospheric_NO2_column_number_density,20210411T052817_20210412T224528_tropospheric_NO2_column_number_density,20210411T070947_20210413T004350_tropospheric_NO2_column_number_density,20210411T085117_20210413T014829_tropospheric_NO2_column_number_density,20210411T103248_20210413T035122_tropospheric_NO2_column_number_density,20210411T121418_20210413T052956_tropospheric_NO2_column_number_density,20210411T135548_20210413T065024_tropospheric_NO2_column_number_density,20210411T153719_20210413T085419_tropospheric_NO2_column_number_density,20210411T171849_20210413T102123_tropospheric_NO2_column_number_density,20210411T190019_20210413T123013_tropospheric_NO2_column_number_density,20210411T204150_20210413T135720_tropospheric_NO2_column_number_density,20210411T222320_20210413T152449_tropospheric_NO2_column_number_density,20210412T000450_20210413T171547_tropospheric_NO2_column_number_density,20210412T014621_20210413T183037_tropospheric_NO2_column_number_density,20210412T032751_20210413T204652_tropospheric_NO2_column_number_density,20210412T050921_20210413T222918_tropospheric_NO2_column_number_density,20210412T065051_20210414T003351_tropospheric_NO2_column_number_density,20210412T083222_20210414T013820_tropospheric_NO2_column_number_density,20210412T101352_20210414T033918_tropospheric_NO2_column_number_density,20210412T115523_20210414T051011_tropospheric_NO2_column_number_density,20210412T133653_20210414T065339_tropospheric_NO2_column_number_density,20210412T151823_20210414T083056_tropospheric_NO2_column_number_density,20210412T165953_20210414T101105_tropospheric_NO2_column_number_density,20210412T184124_20210414T121515_tropospheric_NO2_column_number_density,20210412T202254_20210414T132732_tropospheric_NO2_column_number_density,20210412T220424_20210414T145904_tropospheric_NO2_column_number_density,20210412T234555_20210414T164312_tropospheric_NO2_column_number_density,20210413T012725_20210415T144757_tropospheric_NO2_column_number_density,20210413T063156_20210415T133033_tropospheric_NO2_column_number_density,20210413T081326_20210415T011141_tropospheric_NO2_column_number_density,20210413T095457_20210415T031630_tropospheric_NO2_column_number_density,20210413T113627_20210415T045528_tropospheric_NO2_column_number_density,20210413T131757_20210415T062451_tropospheric_NO2_column_number_density,20210413T145927_20210415T074217_tropospheric_NO2_column_number_density,20210413T164058_20210415T094636_tropospheric_NO2_column_number_density,20210413T182228_20210415T113718_tropospheric_NO2_column_number_density,20210413T200358_20210415T131411_tropospheric_NO2_column_number_density,20210413T214529_20210415T145117_tropospheric_NO2_column_number_density,20210413T232659_20210415T163448_tropospheric_NO2_column_number_density,20210414T010829_20210415T174528_tropospheric_NO2_column_number_density,20210414T025000_20210415T194323_tropospheric_NO2_column_number_density,20210414T043130_20210415T215902_tropospheric_NO2_column_number_density,20210414T061300_20210415T231534_tropospheric_NO2_column_number_density,20210414T075431_20210416T005626_tropospheric_NO2_column_number_density,20210414T093601_20210416T030809_tropospheric_NO2_column_number_density,20210414T111731_20210416T045841_tropospheric_NO2_column_number_density,20210414T125902_20210416T062121_tropospheric_NO2_column_number_density,20210414T144032_20210416T075532_tropospheric_NO2_column_number_density,20210414T162202_20210416T094010_tropospheric_NO2_column_number_density,20210414T180332_20210416T113025_tropospheric_NO2_column_number_density,20210414T194503_20210416T131525_tropospheric_NO2_column_number_density,20210414T212633_20210416T143424_tropospheric_NO2_column_number_density,20210414T230803_20210416T160854_tropospheric_NO2_column_number_density,system:index,Maille,grid_name
,,,,5.124621497567216E-5,,,,,,,,,,,,,,5.953774019922457E-5,,,,,,,,,,,,,,,,,,,,,,,,,,,,3.966589140980288E-5,4.105047012171045E-5,,,,,,,,,,,,,,2.7063874587927045E-5,,,,,,,,,,,,,,1.7921166308030773E-5,,,,,,,,,,,,,,3.771974602325046E-5,,,,,,,,,,,,,,3.835637213567429E-5,,,,,,,,,,,,,,,,,,,,,,,,,,,,,1.6032418563236894E-5,,,,,,,,,,,,,,2.2590614483285712E-5,,,,,,,,,,,,,,3.0827679799855935E-5,,,,,,,,,,,,,,,,,,,,,,,,,,3.7015662465813126E-5,,,,,,,,,,,0,0,grids_srikakulam
