20201201T011151_20201203T100229_tropospheric_NO2_column_number_density,20201201T025321_20201203T111200_tropospheric_NO2_column_number_density,20201201T043451_20201203T150917_tropospheric_NO2_column_number_density,20201201T061620_20201203T175354_tropospheric_NO2_column_number_density,20201201T075750_20201203T191625_tropospheric_NO2_column_number_density,20201201T093920_20201203T194042_tropospheric_NO2_column_number_density,20201201T112050_20201203T202303_tropospheric_NO2_column_number_density,20201201T130219_20201203T195940_tropospheric_NO2_column_number_density,20201201T144349_20201203T194832_tropospheric_NO2_column_number_density,20201201T162518_20201203T195856_tropospheric_NO2_column_number_density,20201201T180648_20201203T205422_tropospheric_NO2_column_number_density,20201201T194818_20201203T233149_tropospheric_NO2_column_number_density,20201201T212948_20201204T004121_tropospheric_NO2_column_number_density,20201201T231117_20201204T003117_tropospheric_NO2_column_number_density,20201202T005247_20201204T005446_tropospheric_NO2_column_number_density,20201202T023417_20201204T021510_tropospheric_NO2_column_number_density,20201202T041546_20201204T022408_tropospheric_NO2_column_number_density,20201202T055716_20201204T040311_tropospheric_NO2_column_number_density,20201202T073846_20201204T040210_tropospheric_NO2_column_number_density,20201202T092015_20201204T041442_tropospheric_NO2_column_number_density,20201202T110145_20201204T102035_tropospheric_NO2_column_number_density,20201202T124315_20201204T100539_tropospheric_NO2_column_number_density,20201202T142444_20201204T093117_tropospheric_NO2_column_number_density,20201202T160614_20201204T094911_tropospheric_NO2_column_number_density,20201202T174744_20201204T113529_tropospheric_NO2_column_number_density,20201202T192913_20201204T130429_tropospheric_NO2_column_number_density,20201202T211043_20201204T142154_tropospheric_NO2_column_number_density,20201202T225213_20201204T161058_tropospheric_NO2_column_number_density,20201203T003343_20201204T173229_tropospheric_NO2_column_number_density,20201203T021512_20201204T192727_tropospheric_NO2_column_number_density,20201203T035642_20201204T210625_tropospheric_NO2_column_number_density,20201203T053812_20201204T230624_tropospheric_NO2_column_number_density,20201203T071941_20201205T010652_tropospheric_NO2_column_number_density,20201203T090111_20201205T022554_tropospheric_NO2_column_number_density,20201203T104241_20201205T043919_tropospheric_NO2_column_number_density,20201203T122411_20201205T063017_tropospheric_NO2_column_number_density,20201203T140540_20201205T072219_tropospheric_NO2_column_number_density,20201203T154710_20201205T085549_tropospheric_NO2_column_number_density,20201203T172840_20201205T110618_tropospheric_NO2_column_number_density,20201203T191009_20201205T130751_tropospheric_NO2_column_number_density,20201203T205139_20201205T135050_tropospheric_NO2_column_number_density,20201203T223309_20201205T154219_tropospheric_NO2_column_number_density,20201204T001439_20201205T172147_tropospheric_NO2_column_number_density,20201204T015608_20201205T184715_tropospheric_NO2_column_number_density,20201204T033738_20201205T204518_tropospheric_NO2_column_number_density,20201204T070037_20201206T002621_tropospheric_NO2_column_number_density,20201204T084207_20201206T021818_tropospheric_NO2_column_number_density,20201204T102337_20201206T040016_tropospheric_NO2_column_number_density,20201204T120507_20201206T061014_tropospheric_NO2_column_number_density,20201204T134636_20201206T071615_tropospheric_NO2_column_number_density,20201204T152806_20201206T083744_tropospheric_NO2_column_number_density,20201204T170935_20201206T102547_tropospheric_NO2_column_number_density,20201204T185105_20201206T124719_tropospheric_NO2_column_number_density,20201204T203235_20201206T140515_tropospheric_NO2_column_number_density,20201204T221405_20201206T151045_tropospheric_NO2_column_number_density,20201204T235534_20201206T170145_tropospheric_NO2_column_number_density,20201205T013704_20201206T183215_tropospheric_NO2_column_number_density,20201205T031834_20201206T202445_tropospheric_NO2_column_number_density,20201205T050003_20201206T223820_tropospheric_NO2_column_number_density,20201205T064133_20201207T001448_tropospheric_NO2_column_number_density,20201205T082303_20201207T015148_tropospheric_NO2_column_number_density,20201205T100433_20201207T040414_tropospheric_NO2_column_number_density,20201205T114603_20201207T053645_tropospheric_NO2_column_number_density,20201205T132732_20201207T072315_tropospheric_NO2_column_number_density,20201205T150902_20201207T081647_tropospheric_NO2_column_number_density,20201205T165032_20201207T101916_tropospheric_NO2_column_number_density,20201205T183201_20201207T120815_tropospheric_NO2_column_number_density,20201205T201331_20201207T132546_tropospheric_NO2_column_number_density,20201205T215501_20201207T150515_tropospheric_NO2_column_number_density,20201205T233631_20201207T162547_tropospheric_NO2_column_number_density,20201206T011800_20201207T180816_tropospheric_NO2_column_number_density,20201206T025930_20201207T195915_tropospheric_NO2_column_number_density,20201206T044100_20201207T220617_tropospheric_NO2_column_number_density,20201206T062229_20201207T234647_tropospheric_NO2_column_number_density,20201206T080359_20201208T012517_tropospheric_NO2_column_number_density,20201206T094529_20201208T032816_tropospheric_NO2_column_number_density,20201206T112659_20201208T051213_tropospheric_NO2_column_number_density,20201206T130828_20201208T065943_tropospheric_NO2_column_number_density,20201206T144958_20201208T073743_tropospheric_NO2_column_number_density,20201206T163128_20201208T094737_tropospheric_NO2_column_number_density,20201206T181257_20201208T114453_tropospheric_NO2_column_number_density,20201206T195427_20201208T132349_tropospheric_NO2_column_number_density,20201206T213557_20201208T145933_tropospheric_NO2_column_number_density,20201206T231727_20201208T161418_tropospheric_NO2_column_number_density,20201207T005856_20201208T180527_tropospheric_NO2_column_number_density,20201207T024026_20201208T192302_tropospheric_NO2_column_number_density,20201207T042156_20201208T213429_tropospheric_NO2_column_number_density,20201207T060326_20201208T233910_tropospheric_NO2_column_number_density,20201207T074455_20201209T004934_tropospheric_NO2_column_number_density,20201207T092625_20201209T031227_tropospheric_NO2_column_number_density,20201207T110755_20201209T044730_tropospheric_NO2_column_number_density,20201207T124925_20201209T064807_tropospheric_NO2_column_number_density,20201207T143054_20201209T073312_tropospheric_NO2_column_number_density,20201207T161224_20201209T092235_tropospheric_NO2_column_number_density,20201207T175354_20201209T112028_tropospheric_NO2_column_number_density,20201207T193524_20201209T130234_tropospheric_NO2_column_number_density,20201207T211653_20201209T144835_tropospheric_NO2_column_number_density,20201207T225823_20201209T155635_tropospheric_NO2_column_number_density,20201208T003953_20201209T173803_tropospheric_NO2_column_number_density,20201208T022123_20201209T192129_tropospheric_NO2_column_number_density,20201208T040252_20201209T213103_tropospheric_NO2_column_number_density,20201208T054422_20201209T233004_tropospheric_NO2_column_number_density,20201208T072552_20201210T004415_tropospheric_NO2_column_number_density,20201208T090722_20201210T030222_tropospheric_NO2_column_number_density,20201208T104851_20201210T044835_tropospheric_NO2_column_number_density,20201208T123021_20201210T060818_tropospheric_NO2_column_number_density,20201208T141151_20201210T071121_tropospheric_NO2_column_number_density,20201208T155320_20201210T084319_tropospheric_NO2_column_number_density,20201208T173450_20201210T105253_tropospheric_NO2_column_number_density,20201208T191620_20201210T124451_tropospheric_NO2_column_number_density,20201208T205750_20201210T141758_tropospheric_NO2_column_number_density,20201208T223920_20201210T164820_tropospheric_NO2_column_number_density,20201209T002049_20201210T172912_tropospheric_NO2_column_number_density,20201209T020219_20201210T184623_tropospheric_NO2_column_number_density,20201209T034349_20201210T204817_tropospheric_NO2_column_number_density,20201209T052518_20201210T225027_tropospheric_NO2_column_number_density,20201209T070648_20201211T001643_tropospheric_NO2_column_number_density,20201209T084818_20201211T024802_tropospheric_NO2_column_number_density,20201209T102948_20201211T041024_tropospheric_NO2_column_number_density,20201209T121118_20201211T062354_tropospheric_NO2_column_number_density,20201209T135247_20201211T071259_tropospheric_NO2_column_number_density,20201209T153417_20201211T083230_tropospheric_NO2_column_number_density,20201209T171547_20201211T103926_tropospheric_NO2_column_number_density,20201209T185717_20201211T121754_tropospheric_NO2_column_number_density,20201209T203846_20201211T140821_tropospheric_NO2_column_number_density,20201209T222016_20201211T153111_tropospheric_NO2_column_number_density,20201210T000146_20201211T170357_tropospheric_NO2_column_number_density,20201210T014316_20201211T184237_tropospheric_NO2_column_number_density,20201210T032445_20201211T202557_tropospheric_NO2_column_number_density,20201210T050615_20201211T224350_tropospheric_NO2_column_number_density,20201210T064745_20201212T000541_tropospheric_NO2_column_number_density,20201210T082915_20201212T021037_tropospheric_NO2_column_number_density,20201210T101045_20201212T035425_tropospheric_NO2_column_number_density,20201210T115214_20201212T054741_tropospheric_NO2_column_number_density,20201210T133344_20201212T070037_tropospheric_NO2_column_number_density,20201210T151514_20201212T082304_tropospheric_NO2_column_number_density,20201210T165643_20201212T102040_tropospheric_NO2_column_number_density,20201210T183813_20201212T115629_tropospheric_NO2_column_number_density,20201210T201943_20201212T140748_tropospheric_NO2_column_number_density,20201210T220113_20201212T151712_tropospheric_NO2_column_number_density,20201210T234243_20201212T164837_tropospheric_NO2_column_number_density,20201211T012412_20201212T181114_tropospheric_NO2_column_number_density,20201211T030542_20201212T201521_tropospheric_NO2_column_number_density,20201211T044712_20201212T222143_tropospheric_NO2_column_number_density,20201211T062842_20201213T000720_tropospheric_NO2_column_number_density,20201211T081012_20201213T020209_tropospheric_NO2_column_number_density,20201211T095141_20201213T031709_tropospheric_NO2_column_number_density,20201211T113311_20201213T052509_tropospheric_NO2_column_number_density,20201211T131441_20201213T071257_tropospheric_NO2_column_number_density,20201211T145611_20201213T081212_tropospheric_NO2_column_number_density,20201211T163740_20201213T094638_tropospheric_NO2_column_number_density,20201211T181910_20201213T125633_tropospheric_NO2_column_number_density,20201211T200040_20201213T133200_tropospheric_NO2_column_number_density,20201211T214210_20201213T145934_tropospheric_NO2_column_number_density,20201211T232340_20201213T164319_tropospheric_NO2_column_number_density,20201212T010509_20201213T181215_tropospheric_NO2_column_number_density,20201212T024639_20201213T195819_tropospheric_NO2_column_number_density,20201212T042809_20201213T214548_tropospheric_NO2_column_number_density,20201212T060939_20201213T235312_tropospheric_NO2_column_number_density,20201212T075108_20201214T013959_tropospheric_NO2_column_number_density,20201212T093238_20201214T032212_tropospheric_NO2_column_number_density,20201212T111408_20201214T050602_tropospheric_NO2_column_number_density,20201212T125538_20201214T065006_tropospheric_NO2_column_number_density,20201212T143708_20201214T074120_tropospheric_NO2_column_number_density,20201212T161837_20201214T091724_tropospheric_NO2_column_number_density,20201212T180007_20201214T112757_tropospheric_NO2_column_number_density,20201212T194137_20201214T131817_tropospheric_NO2_column_number_density,20201212T212307_20201214T144544_tropospheric_NO2_column_number_density,20201212T230437_20201214T155632_tropospheric_NO2_column_number_density,20201213T004606_20201214T174214_tropospheric_NO2_column_number_density,20201213T022736_20201214T195217_tropospheric_NO2_column_number_density,20201213T040906_20201214T212144_tropospheric_NO2_column_number_density,20201213T055036_20201214T231427_tropospheric_NO2_column_number_density,20201213T073205_20201215T012814_tropospheric_NO2_column_number_density,20201213T091335_20201215T030155_tropospheric_NO2_column_number_density,20201213T105505_20201215T042525_tropospheric_NO2_column_number_density,20201213T123635_20201215T063759_tropospheric_NO2_column_number_density,20201213T141805_20201215T073500_tropospheric_NO2_column_number_density,20201213T155934_20201215T091041_tropospheric_NO2_column_number_density,20201213T174104_20201215T111448_tropospheric_NO2_column_number_density,20201213T192234_20201215T125350_tropospheric_NO2_column_number_density,20201213T210404_20201215T142634_tropospheric_NO2_column_number_density,20201213T224534_20201215T155341_tropospheric_NO2_column_number_density,20201214T002704_20201215T171824_tropospheric_NO2_column_number_density,20201214T020833_20201215T192614_tropospheric_NO2_column_number_density,20201214T035003_20201215T211102_tropospheric_NO2_column_number_density,20201214T053133_20201215T225511_tropospheric_NO2_column_number_density,20201214T071303_20201216T010144_tropospheric_NO2_column_number_density,20201214T085433_20201216T023226_tropospheric_NO2_column_number_density,20201214T103602_20201216T042315_tropospheric_NO2_column_number_density,20201214T121732_20201216T062343_tropospheric_NO2_column_number_density,20201214T135902_20201216T073234_tropospheric_NO2_column_number_density,20201214T154032_20201216T082405_tropospheric_NO2_column_number_density,20201214T172202_20201216T105144_tropospheric_NO2_column_number_density,20201214T190331_20201216T130509_tropospheric_NO2_column_number_density,20201214T204501_20201216T140544_tropospheric_NO2_column_number_density,20201214T222631_20201216T152447_tropospheric_NO2_column_number_density,system:index,Maille,grid_name
,,,,,,,,,,,,,,,,,,4.042215212470811E-5,,,,,,,,,,,,,,,,,,,,,,,,,,,4.890909380642575E-5,,,,,,,,,,,,,,5.7614943422528956E-5,,,,,,,,,,,,,,5.441926019817231E-5,,,,,,,,,,,,,,,,,,,,,,,,,,,,,3.6588603636935666E-5,,,,,,,,,,,,,,1.001767753676688E-4,,,,,,,,,,,,,,5.947420678903366E-5,,,,,,,,,,,,,,,,,,,,,,,,,,,,,,,,,,,,,,,,,,2.9067548734836407E-5,3.0861680652289984E-5,,,,,,,,,,,,,,2.861156587060448E-5,,,,,,,,,,0,0,grids_bareily
