20211031T235150_20211102T155600_tropospheric_NO2_column_number_density,20211101T013319_20211102T172451_tropospheric_NO2_column_number_density,20211101T031449_20211102T190342_tropospheric_NO2_column_number_density,20211101T045618_20211102T205239_tropospheric_NO2_column_number_density,20211101T063748_20211102T224252_tropospheric_NO2_column_number_density,20211101T081917_20211103T002128_tropospheric_NO2_column_number_density,20211101T100047_20211103T021558_tropospheric_NO2_column_number_density,20211101T114216_20211103T035731_tropospheric_NO2_column_number_density,20211101T132346_20211103T053453_tropospheric_NO2_column_number_density,20211101T150515_20211103T065442_tropospheric_NO2_column_number_density,20211101T164645_20211103T084256_tropospheric_NO2_column_number_density,20211101T182814_20211103T103511_tropospheric_NO2_column_number_density,20211101T200944_20211103T120030_tropospheric_NO2_column_number_density,20211101T215113_20211103T135656_tropospheric_NO2_column_number_density,20211101T233243_20211103T153123_tropospheric_NO2_column_number_density,20211102T011412_20211103T170357_tropospheric_NO2_column_number_density,20211102T025541_20211103T184044_tropospheric_NO2_column_number_density,20211102T043711_20211103T203406_tropospheric_NO2_column_number_density,20211102T061840_20211103T222137_tropospheric_NO2_column_number_density,20211102T080010_20211104T000927_tropospheric_NO2_column_number_density,20211102T094139_20211104T015828_tropospheric_NO2_column_number_density,20211102T112309_20211104T033659_tropospheric_NO2_column_number_density,20211102T130438_20211104T052154_tropospheric_NO2_column_number_density,20211102T144608_20211104T063533_tropospheric_NO2_column_number_density,20211102T162737_20211104T082821_tropospheric_NO2_column_number_density,20211102T180907_20211104T101636_tropospheric_NO2_column_number_density,20211102T195036_20211104T114840_tropospheric_NO2_column_number_density,20211102T213206_20211104T133053_tropospheric_NO2_column_number_density,20211102T231335_20211104T151743_tropospheric_NO2_column_number_density,20211103T005505_20211104T164204_tropospheric_NO2_column_number_density,20211103T023634_20211104T182246_tropospheric_NO2_column_number_density,20211103T041804_20211104T200339_tropospheric_NO2_column_number_density,20211103T055933_20211104T215740_tropospheric_NO2_column_number_density,20211103T074103_20211104T234855_tropospheric_NO2_column_number_density,20211103T092232_20211105T013719_tropospheric_NO2_column_number_density,20211103T110402_20211105T031739_tropospheric_NO2_column_number_density,20211103T124531_20211105T050857_tropospheric_NO2_column_number_density,20211103T142701_20211105T061443_tropospheric_NO2_column_number_density,20211103T160830_20211105T081002_tropospheric_NO2_column_number_density,20211103T174959_20211105T095606_tropospheric_NO2_column_number_density,20211103T193129_20211105T113350_tropospheric_NO2_column_number_density,20211103T211258_20211105T131646_tropospheric_NO2_column_number_density,20211103T225428_20211105T145801_tropospheric_NO2_column_number_density,20211104T003557_20211105T162027_tropospheric_NO2_column_number_density,20211104T021727_20211105T180200_tropospheric_NO2_column_number_density,20211104T035856_20211105T195001_tropospheric_NO2_column_number_density,20211104T054026_20211105T213817_tropospheric_NO2_column_number_density,20211104T072155_20211105T233515_tropospheric_NO2_column_number_density,20211104T090325_20211106T012047_tropospheric_NO2_column_number_density,20211104T104454_20211106T025716_tropospheric_NO2_column_number_density,20211104T122624_20211106T045147_tropospheric_NO2_column_number_density,20211104T140753_20211106T060403_tropospheric_NO2_column_number_density,20211104T154923_20211106T074817_tropospheric_NO2_column_number_density,20211104T173052_20211106T093511_tropospheric_NO2_column_number_density,20211104T191222_20211106T112729_tropospheric_NO2_column_number_density,20211104T205351_20211106T130049_tropospheric_NO2_column_number_density,20211104T223521_20211106T143040_tropospheric_NO2_column_number_density,20211105T001650_20211106T160747_tropospheric_NO2_column_number_density,20211105T015820_20211106T175327_tropospheric_NO2_column_number_density,20211105T033949_20211106T193547_tropospheric_NO2_column_number_density,20211105T052119_20211106T212128_tropospheric_NO2_column_number_density,20211105T070248_20211106T231912_tropospheric_NO2_column_number_density,20211105T084418_20211107T005340_tropospheric_NO2_column_number_density,20211105T102547_20211107T023525_tropospheric_NO2_column_number_density,20211105T120717_20211107T043054_tropospheric_NO2_column_number_density,20211105T134846_20211107T055608_tropospheric_NO2_column_number_density,20211105T153016_20211107T071835_tropospheric_NO2_column_number_density,20211105T171145_20211107T085620_tropospheric_NO2_column_number_density,20211105T185315_20211107T111301_tropospheric_NO2_column_number_density,20211105T203444_20211107T123333_tropospheric_NO2_column_number_density,20211105T221614_20211107T141420_tropospheric_NO2_column_number_density,20211105T235743_20211107T155413_tropospheric_NO2_column_number_density,20211106T013913_20211107T172456_tropospheric_NO2_column_number_density,20211106T032042_20211107T190817_tropospheric_NO2_column_number_density,20211106T050211_20211107T205448_tropospheric_NO2_column_number_density,20211106T064341_20211107T225337_tropospheric_NO2_column_number_density,20211106T082511_20211108T003041_tropospheric_NO2_column_number_density,20211106T100640_20211108T021444_tropospheric_NO2_column_number_density,20211106T114810_20211108T040811_tropospheric_NO2_column_number_density,20211106T132939_20211108T054110_tropospheric_NO2_column_number_density,20211106T151109_20211108T070056_tropospheric_NO2_column_number_density,20211106T165238_20211108T084103_tropospheric_NO2_column_number_density,20211106T183407_20211108T110125_tropospheric_NO2_column_number_density,20211106T201537_20211108T121819_tropospheric_NO2_column_number_density,20211106T215707_20211108T135010_tropospheric_NO2_column_number_density,20211106T233836_20211108T153853_tropospheric_NO2_column_number_density,20211107T012006_20211108T170748_tropospheric_NO2_column_number_density,20211107T030135_20211108T184100_tropospheric_NO2_column_number_density,20211107T044304_20211108T203714_tropospheric_NO2_column_number_density,20211107T062434_20211108T223302_tropospheric_NO2_column_number_density,20211107T080604_20211109T001409_tropospheric_NO2_column_number_density,20211107T094733_20211109T015720_tropospheric_NO2_column_number_density,20211107T112903_20211109T034529_tropospheric_NO2_column_number_density,20211107T131032_20211109T052843_tropospheric_NO2_column_number_density,20211107T145202_20211109T064416_tropospheric_NO2_column_number_density,20211107T163331_20211109T082914_tropospheric_NO2_column_number_density,20211107T181500_20211109T103710_tropospheric_NO2_column_number_density,20211107T195630_20211109T115904_tropospheric_NO2_column_number_density,20211107T213800_20211109T133748_tropospheric_NO2_column_number_density,20211107T231929_20211109T152240_tropospheric_NO2_column_number_density,20211108T010059_20211109T165010_tropospheric_NO2_column_number_density,20211108T024228_20211109T182020_tropospheric_NO2_column_number_density,20211108T042357_20211109T201836_tropospheric_NO2_column_number_density,20211108T060527_20211109T222046_tropospheric_NO2_column_number_density,20211108T074657_20211109T235424_tropospheric_NO2_column_number_density,20211108T092826_20211110T013855_tropospheric_NO2_column_number_density,20211108T110956_20211110T032824_tropospheric_NO2_column_number_density,20211108T125125_20211110T051305_tropospheric_NO2_column_number_density,20211108T143255_20211110T063516_tropospheric_NO2_column_number_density,20211108T161424_20211110T080833_tropospheric_NO2_column_number_density,20211108T175554_20211110T101755_tropospheric_NO2_column_number_density,20211108T193723_20211110T113605_tropospheric_NO2_column_number_density,20211108T211853_20211110T133004_tropospheric_NO2_column_number_density,20211108T230022_20211110T150905_tropospheric_NO2_column_number_density,20211109T004152_20211110T162942_tropospheric_NO2_column_number_density,20211109T022321_20211110T180017_tropospheric_NO2_column_number_density,20211109T040451_20211110T200210_tropospheric_NO2_column_number_density,20211109T054620_20211110T220121_tropospheric_NO2_column_number_density,20211109T072750_20211110T234310_tropospheric_NO2_column_number_density,20211109T090919_20211111T011729_tropospheric_NO2_column_number_density,20211109T105049_20211111T030344_tropospheric_NO2_column_number_density,20211109T123218_20211111T045704_tropospheric_NO2_column_number_density,20211109T141348_20211111T061317_tropospheric_NO2_column_number_density,20211109T155517_20211111T074919_tropospheric_NO2_column_number_density,20211109T173647_20211111T094415_tropospheric_NO2_column_number_density,20211109T191816_20211111T111749_tropospheric_NO2_column_number_density,20211109T205946_20211111T130311_tropospheric_NO2_column_number_density,20211109T224115_20211111T145218_tropospheric_NO2_column_number_density,20211110T002245_20211111T161028_tropospheric_NO2_column_number_density,20211110T020414_20211111T174345_tropospheric_NO2_column_number_density,20211110T034544_20211111T193814_tropospheric_NO2_column_number_density,20211110T052713_20211111T214254_tropospheric_NO2_column_number_density,20211110T070843_20211111T232030_tropospheric_NO2_column_number_density,20211110T085013_20211112T010103_tropospheric_NO2_column_number_density,20211110T103142_20211112T024344_tropospheric_NO2_column_number_density,20211110T121312_20211112T044104_tropospheric_NO2_column_number_density,20211110T135441_20211112T055636_tropospheric_NO2_column_number_density,20211110T153611_20211112T072306_tropospheric_NO2_column_number_density,20211110T171740_20211112T091728_tropospheric_NO2_column_number_density,20211110T185910_20211112T111016_tropospheric_NO2_column_number_density,20211110T204039_20211112T124840_tropospheric_NO2_column_number_density,20211110T222209_20211112T141801_tropospheric_NO2_column_number_density,20211111T000338_20211112T155438_tropospheric_NO2_column_number_density,20211111T014508_20211112T172231_tropospheric_NO2_column_number_density,20211111T032637_20211112T191450_tropospheric_NO2_column_number_density,20211111T050807_20211112T212547_tropospheric_NO2_column_number_density,20211111T064936_20211112T225938_tropospheric_NO2_column_number_density,20211111T083106_20211113T003939_tropospheric_NO2_column_number_density,20211111T101235_20211113T022745_tropospheric_NO2_column_number_density,20211111T115405_20211113T041825_tropospheric_NO2_column_number_density,20211111T133534_20211113T053646_tropospheric_NO2_column_number_density,20211111T151704_20211113T071259_tropospheric_NO2_column_number_density,20211111T165833_20211113T085911_tropospheric_NO2_column_number_density,20211111T184003_20211113T105131_tropospheric_NO2_column_number_density,20211111T202132_20211113T122244_tropospheric_NO2_column_number_density,20211111T220302_20211113T140549_tropospheric_NO2_column_number_density,20211111T234432_20211113T152853_tropospheric_NO2_column_number_density,20211112T012601_20211113T165944_tropospheric_NO2_column_number_density,20211112T030731_20211113T190656_tropospheric_NO2_column_number_density,20211112T044900_20211113T210129_tropospheric_NO2_column_number_density,20211112T063030_20211113T224527_tropospheric_NO2_column_number_density,20211112T081159_20211114T001255_tropospheric_NO2_column_number_density,20211112T095329_20211114T020345_tropospheric_NO2_column_number_density,20211112T113458_20211114T035148_tropospheric_NO2_column_number_density,20211112T131628_20211114T052525_tropospheric_NO2_column_number_density,20211112T145757_20211114T070730_tropospheric_NO2_column_number_density,20211112T163927_20211114T084044_tropospheric_NO2_column_number_density,20211112T182056_20211114T102906_tropospheric_NO2_column_number_density,20211112T200226_20211114T120653_tropospheric_NO2_column_number_density,20211112T214355_20211114T134607_tropospheric_NO2_column_number_density,20211112T232525_20211114T151124_tropospheric_NO2_column_number_density,20211113T010654_20211114T163712_tropospheric_NO2_column_number_density,20211113T024824_20211114T184530_tropospheric_NO2_column_number_density,20211113T042953_20211114T204122_tropospheric_NO2_column_number_density,20211113T061123_20211114T222152_tropospheric_NO2_column_number_density,20211113T075253_20211114T235201_tropospheric_NO2_column_number_density,20211113T093422_20211115T013920_tropospheric_NO2_column_number_density,20211113T111552_20211115T033036_tropospheric_NO2_column_number_density,20211113T125721_20211115T050807_tropospheric_NO2_column_number_density,20211113T143851_20211115T065132_tropospheric_NO2_column_number_density,20211113T162020_20211115T082312_tropospheric_NO2_column_number_density,20211113T180150_20211115T101331_tropospheric_NO2_column_number_density,20211113T194319_20211115T114320_tropospheric_NO2_column_number_density,20211113T212449_20211115T133055_tropospheric_NO2_column_number_density,20211113T230619_20211115T145725_tropospheric_NO2_column_number_density,20211114T004748_20211115T162712_tropospheric_NO2_column_number_density,20211114T022918_20211115T182004_tropospheric_NO2_column_number_density,20211114T041047_20211115T202021_tropospheric_NO2_column_number_density,20211114T055217_20211115T220151_tropospheric_NO2_column_number_density,20211114T073346_20211115T234018_tropospheric_NO2_column_number_density,20211114T091516_20211116T012237_tropospheric_NO2_column_number_density,20211114T105645_20211116T031333_tropospheric_NO2_column_number_density,20211114T123815_20211116T045338_tropospheric_NO2_column_number_density,20211114T141944_20211116T063153_tropospheric_NO2_column_number_density,20211114T160114_20211116T080101_tropospheric_NO2_column_number_density,20211114T174243_20211116T095244_tropospheric_NO2_column_number_density,20211114T192413_20211117T181821_tropospheric_NO2_column_number_density,20211114T210543_20211117T181437_tropospheric_NO2_column_number_density,20211114T224712_20211117T181002_tropospheric_NO2_column_number_density,system:index,Maille,grid_name
,,,,1.0577061016044058E-4,,,,,,,,,,,,,,3.2477037428340796E-5,,,,,,,,,,,,,,,,,,,,,,,,,,,,,1.3020565096893405E-4,,,,,,,,,,,,,,1.1599166653702713E-4,,,,,,,,,,,,,,1.265960876951168E-4,,,,,,,,,,,,,,9.724989013997009E-5,,,,,,,,,,,,,,3.534143012227169E-5,7.573988824966966E-5,,,,,,,,,,,,,,1.0174778685228014E-4,,,,,,,,,,,,,,8.908166293509457E-5,,,,,,,,,,,,,,1.0061430331934597E-4,,,,,,,,,,,,,,1.0376519438719267E-4,,,,,,,,,,,,,,,,,,,,,,,,,,,,,3.2341081624253445E-5,,,,,,,,,,0,0,grids_nagpur
