20200815T234655_20200818T194310_SO2_column_number_density,20200816T012824_20200819T163857_SO2_column_number_density,20200816T030954_20200819T174054_SO2_column_number_density,20200816T045123_20200819T165456_SO2_column_number_density,20200816T063253_20200819T174710_SO2_column_number_density,20200816T081422_20200819T165821_SO2_column_number_density,20200816T095552_20200819T174943_SO2_column_number_density,20200816T113721_20200819T175443_SO2_column_number_density,20200816T131851_20200819T175447_SO2_column_number_density,20200816T150020_20200819T163627_SO2_column_number_density,20200816T164149_20200819T174203_SO2_column_number_density,20200816T182319_20200819T185019_SO2_column_number_density,20200816T200448_20200819T180348_SO2_column_number_density,20200816T214618_20200819T175800_SO2_column_number_density,20200816T232747_20200819T181254_SO2_column_number_density,20200817T010917_20200820T163023_SO2_column_number_density,20200817T025046_20200820T170601_SO2_column_number_density,20200817T043216_20200820T165710_SO2_column_number_density,20200817T061345_20200820T170223_SO2_column_number_density,20200817T075515_20200820T135321_SO2_column_number_density,20200817T093644_20200820T092336_SO2_column_number_density,20200817T111814_20200820T173304_SO2_column_number_density,20200817T125943_20200820T171520_SO2_column_number_density,20200817T144113_20200820T161116_SO2_column_number_density,20200817T162242_20200820T162146_SO2_column_number_density,20200817T180411_20200820T172124_SO2_column_number_density,20200817T194541_20200820T173239_SO2_column_number_density,20200817T212710_20200820T171412_SO2_column_number_density,20200817T230840_20200820T164835_SO2_column_number_density,20200818T005009_20200821T185606_SO2_column_number_density,20200818T023139_20200821T185052_SO2_column_number_density,20200818T041308_20200821T193502_SO2_column_number_density,20200818T055438_20200821T194108_SO2_column_number_density,20200818T073607_20200821T200556_SO2_column_number_density,20200818T091737_20200821T191425_SO2_column_number_density,20200818T105906_20200821T195333_SO2_column_number_density,20200818T124036_20200821T200715_SO2_column_number_density,20200818T142205_20200821T182111_SO2_column_number_density,20200818T160334_20200821T190344_SO2_column_number_density,20200818T174504_20200821T192844_SO2_column_number_density,20200818T192633_20200821T211941_SO2_column_number_density,20200818T210803_20200821T192030_SO2_column_number_density,20200818T224932_20200821T203352_SO2_column_number_density,20200819T003102_20200822T163508_SO2_column_number_density,20200819T021231_20200822T160859_SO2_column_number_density,20200819T035401_20200822T162216_SO2_column_number_density,20200819T053530_20200822T162325_SO2_column_number_density,20200819T071659_20200822T162720_SO2_column_number_density,20200819T085829_20200822T172900_SO2_column_number_density,20200819T103958_20200822T175814_SO2_column_number_density,20200819T122128_20200822T165302_SO2_column_number_density,20200819T140257_20200822T170854_SO2_column_number_density,20200819T154427_20200822T161628_SO2_column_number_density,20200819T172556_20200822T170827_SO2_column_number_density,20200819T190726_20200822T183449_SO2_column_number_density,20200819T204855_20200822T171604_SO2_column_number_density,20200819T223025_20200822T165027_SO2_column_number_density,20200820T001154_20200823T095518_SO2_column_number_density,20200820T015323_20200823T093601_SO2_column_number_density,20200820T033453_20200823T100042_SO2_column_number_density,20200820T051622_20200823T103850_SO2_column_number_density,20200820T065752_20200823T100009_SO2_column_number_density,20200820T083921_20200823T101210_SO2_column_number_density,20200820T102051_20200823T103320_SO2_column_number_density,20200820T120220_20200823T105044_SO2_column_number_density,20200820T134350_20200823T103604_SO2_column_number_density,20200820T152519_20200823T094406_SO2_column_number_density,20200820T170648_20200823T102321_SO2_column_number_density,20200820T184818_20200823T104617_SO2_column_number_density,20200820T202947_20200823T101039_SO2_column_number_density,20200820T221117_20200823T114221_SO2_column_number_density,20200820T235246_20200823T095426_SO2_column_number_density,20200821T013416_20200824T035109_SO2_column_number_density,20200821T031545_20200824T041310_SO2_column_number_density,20200821T045714_20200824T035743_SO2_column_number_density,20200821T063844_20200824T032849_SO2_column_number_density,20200821T082013_20200824T044926_SO2_column_number_density,20200821T100143_20200824T044346_SO2_column_number_density,20200821T114312_20200824T044306_SO2_column_number_density,20200821T132442_20200824T042802_SO2_column_number_density,20200821T150611_20200824T042928_SO2_column_number_density,20200821T164741_20200824T054659_SO2_column_number_density,20200821T182910_20200824T045930_SO2_column_number_density,20200821T201039_20200824T034508_SO2_column_number_density,20200821T215209_20200824T035155_SO2_column_number_density,20200821T233338_20200824T042246_SO2_column_number_density,20200822T011508_20200824T213247_SO2_column_number_density,20200822T025637_20200824T213819_SO2_column_number_density,20200822T043807_20200824T211201_SO2_column_number_density,20200822T061936_20200824T213814_SO2_column_number_density,20200822T080106_20200824T220350_SO2_column_number_density,20200822T094235_20200824T212820_SO2_column_number_density,20200822T112405_20200824T213312_SO2_column_number_density,20200822T130534_20200824T223242_SO2_column_number_density,20200822T144703_20200824T214159_SO2_column_number_density,20200822T162833_20200824T211710_SO2_column_number_density,20200822T181002_20200824T221925_SO2_column_number_density,20200822T195132_20200824T215012_SO2_column_number_density,20200822T213301_20200824T233305_SO2_column_number_density,20200822T231431_20200825T014445_SO2_column_number_density,20200823T005600_20200825T021836_SO2_column_number_density,20200823T023729_20200825T183445_SO2_column_number_density,20200823T041859_20200825T195433_SO2_column_number_density,20200823T060028_20200825T195301_SO2_column_number_density,20200823T074158_20200825T192618_SO2_column_number_density,20200823T092327_20200825T190421_SO2_column_number_density,20200823T110457_20200825T192430_SO2_column_number_density,20200823T124626_20200825T193510_SO2_column_number_density,20200823T142755_20200825T192104_SO2_column_number_density,20200823T160925_20200825T191014_SO2_column_number_density,20200823T175054_20200825T200214_SO2_column_number_density,20200823T193224_20200825T223749_SO2_column_number_density,20200823T211353_20200826T034222_SO2_column_number_density,20200823T225523_20200826T035002_SO2_column_number_density,20200824T003652_20200826T185306_SO2_column_number_density,20200824T021821_20200826T191557_SO2_column_number_density,20200824T035951_20200826T193827_SO2_column_number_density,20200824T054120_20200826T193327_SO2_column_number_density,20200824T072250_20200826T190430_SO2_column_number_density,20200824T090419_20200826T192657_SO2_column_number_density,20200824T104549_20200826T201400_SO2_column_number_density,20200824T122718_20200826T201927_SO2_column_number_density,20200824T140848_20200826T191151_SO2_column_number_density,20200824T155017_20200826T193240_SO2_column_number_density,20200824T173146_20200826T200842_SO2_column_number_density,20200824T191316_20200826T235620_SO2_column_number_density,20200824T205445_20200826T234518_SO2_column_number_density,20200824T223615_20200827T011942_SO2_column_number_density,20200825T001744_20200827T022340_SO2_column_number_density,20200825T015914_20200827T030854_SO2_column_number_density,20200825T034043_20200827T060043_SO2_column_number_density,20200825T052212_20200827T065706_SO2_column_number_density,20200825T070342_20200827T090113_SO2_column_number_density,20200825T084511_20200827T105905_SO2_column_number_density,20200825T102641_20200827T120950_SO2_column_number_density,20200825T120810_20200827T151007_SO2_column_number_density,20200825T134940_20200827T155507_SO2_column_number_density,20200825T153109_20200827T171634_SO2_column_number_density,20200825T171238_20200827T185710_SO2_column_number_density,20200825T185408_20200827T204525_SO2_column_number_density,20200825T203537_20200827T225659_SO2_column_number_density,20200825T221707_20200827T233515_SO2_column_number_density,20200825T235836_20200828T012403_SO2_column_number_density,20200826T014005_20200828T032014_SO2_column_number_density,20200826T032135_20200828T050142_SO2_column_number_density,20200826T050304_20200828T062406_SO2_column_number_density,20200826T064434_20200828T082834_SO2_column_number_density,20200826T082603_20200828T064844_SO2_column_number_density,20200826T114902_20200828T145921_SO2_column_number_density,20200826T133031_20200828T161657_SO2_column_number_density,20200826T151201_20200828T173031_SO2_column_number_density,20200826T165330_20200828T184227_SO2_column_number_density,20200826T201629_20200828T220032_SO2_column_number_density,20200826T215759_20200828T233055_SO2_column_number_density,20200826T233928_20200829T010147_SO2_column_number_density,20200827T012058_20200829T023349_SO2_column_number_density,20200827T030227_20200829T040207_SO2_column_number_density,20200827T044356_20200829T070031_SO2_column_number_density,20200827T062526_20200829T081335_SO2_column_number_density,20200827T080655_20200829T094218_SO2_column_number_density,20200827T094825_20200829T113922_SO2_column_number_density,20200827T112955_20200829T142226_SO2_column_number_density,20200827T131124_20200829T153320_SO2_column_number_density,20200827T145253_20200829T171009_SO2_column_number_density,20200827T163423_20200829T185250_SO2_column_number_density,20200827T181552_20200829T205354_SO2_column_number_density,20200827T195722_20200829T214438_SO2_column_number_density,20200827T213851_20200829T233101_SO2_column_number_density,20200827T232021_20200830T003316_SO2_column_number_density,20200828T010150_20200830T031405_SO2_column_number_density,20200828T024320_20200830T041656_SO2_column_number_density,20200828T042449_20200830T054748_SO2_column_number_density,20200828T060619_20200830T074647_SO2_column_number_density,20200828T074748_20200830T100849_SO2_column_number_density,20200828T092918_20200830T113926_SO2_column_number_density,20200828T111047_20200830T125739_SO2_column_number_density,20200828T125217_20200830T143921_SO2_column_number_density,20200828T143346_20200830T162244_SO2_column_number_density,20200828T161515_20200830T173324_SO2_column_number_density,20200828T175645_20200830T201137_SO2_column_number_density,20200828T193814_20200830T220026_SO2_column_number_density,20200828T211944_20200830T231848_SO2_column_number_density,20200828T230114_20200831T001552_SO2_column_number_density,20200829T004243_20200831T020203_SO2_column_number_density,20200829T022412_20200831T032142_SO2_column_number_density,20200829T040542_20200831T050501_SO2_column_number_density,20200829T054711_20200831T081737_SO2_column_number_density,20200829T072841_20200831T084745_SO2_column_number_density,20200829T091010_20200831T105719_SO2_column_number_density,20200829T105140_20200831T122648_SO2_column_number_density,20200829T123309_20200831T153316_SO2_column_number_density,20200829T141439_20200831T163818_SO2_column_number_density,20200829T155608_20200831T172104_SO2_column_number_density,20200829T173738_20200831T200000_SO2_column_number_density,20200829T191907_20200831T213404_SO2_column_number_density,20200829T210037_20200831T224049_SO2_column_number_density,20200829T224206_20200901T001533_SO2_column_number_density,20200830T002336_20200901T023333_SO2_column_number_density,20200830T020505_20200901T035838_SO2_column_number_density,20200830T034634_20200901T054827_SO2_column_number_density,20200830T052804_20200901T070109_SO2_column_number_density,20200830T070933_20200901T083319_SO2_column_number_density,20200830T085103_20200901T110021_SO2_column_number_density,20200830T103233_20200901T130228_SO2_column_number_density,20200830T121402_20200901T150527_SO2_column_number_density,20200830T135531_20200901T160033_SO2_column_number_density,20200830T153701_20200901T170708_SO2_column_number_density,20200830T171830_20200901T193531_SO2_column_number_density,20200830T190000_20200901T215705_SO2_column_number_density,20200830T204129_20200901T231143_SO2_column_number_density,20200830T222259_20200902T004350_SO2_column_number_density,system:index,Maille,grid_name
,,,,-3.8032090406306916E-5,,,,,,,,,,,,,,-2.4595599164395273E-4,,,,,,,,,,,,,,,-1.4997921067599752E-4,,,,,,,,,,,,,,,,,,,,,,,,,,,,,,,,,,,,,,,,,,-1.3400232375373295E-4,,,,,,,,,,,,,,,,,,,,,,,,,,,,,,,,,,,,,,,,,,,,,,,,,,,,,,,,,,,,,,,,,,,,,,,2.0147867501754135E-4,,,,,,,,,,,,,,,,,,,,,,,,,,,,,,,,,,,,,,,,,-1.2345230138279009E-4,,,,,,,,,,,,,,,,,,,,,,,,0,0,grids_firozabad
