20210216T003021_20210218T025749_SO2_column_number_density,20210216T021151_20210218T035103_SO2_column_number_density,20210216T035321_20210218T062951_SO2_column_number_density,20210216T053452_20210218T080706_SO2_column_number_density,20210216T071622_20210218T102829_SO2_column_number_density,20210216T085752_20210218T115935_SO2_column_number_density,20210216T103923_20210218T132541_SO2_column_number_density,20210216T122053_20210218T152803_SO2_column_number_density,20210216T140223_20210218T163728_SO2_column_number_density,20210216T154353_20210218T181632_SO2_column_number_density,20210216T172524_20210218T202146_SO2_column_number_density,20210216T190654_20210218T215805_SO2_column_number_density,20210216T204824_20210219T010439_SO2_column_number_density,20210216T222955_20210219T002256_SO2_column_number_density,20210217T001125_20210219T023553_SO2_column_number_density,20210217T015255_20210219T033049_SO2_column_number_density,20210217T033426_20210219T060916_SO2_column_number_density,20210217T051556_20210219T080401_SO2_column_number_density,20210217T065726_20210219T095708_SO2_column_number_density,20210217T083857_20210219T105626_SO2_column_number_density,20210217T102027_20210219T134648_SO2_column_number_density,20210217T120157_20210219T143357_SO2_column_number_density,20210217T134327_20210219T161601_SO2_column_number_density,20210217T152458_20210219T171133_SO2_column_number_density,20210217T170628_20210219T201719_SO2_column_number_density,20210217T184758_20210219T205924_SO2_column_number_density,20210217T202929_20210219T223331_SO2_column_number_density,20210217T221059_20210220T004250_SO2_column_number_density,20210217T235229_20210220T015638_SO2_column_number_density,20210218T013400_20210220T035833_SO2_column_number_density,20210218T031530_20210220T060213_SO2_column_number_density,20210218T045700_20210220T070250_SO2_column_number_density,20210218T063830_20210220T100108_SO2_column_number_density,20210218T082001_20210220T102219_SO2_column_number_density,20210218T100131_20210220T133220_SO2_column_number_density,20210218T114302_20210220T140752_SO2_column_number_density,20210218T132432_20210220T153052_SO2_column_number_density,20210218T150602_20210220T175820_SO2_column_number_density,20210218T164732_20210220T201909_SO2_column_number_density,20210218T182903_20210220T204122_SO2_column_number_density,20210218T201033_20210220T225030_SO2_column_number_density,20210218T215203_20210220T234045_SO2_column_number_density,20210218T233334_20210221T030340_SO2_column_number_density,20210219T011504_20210221T025355_SO2_column_number_density,20210219T025634_20210221T053120_SO2_column_number_density,20210219T043804_20210221T070308_SO2_column_number_density,20210219T061935_20210221T083527_SO2_column_number_density,20210219T080105_20210221T100822_SO2_column_number_density,20210219T094236_20210221T125933_SO2_column_number_density,20210219T112406_20210221T142717_SO2_column_number_density,20210219T130536_20210221T155850_SO2_column_number_density,20210219T144706_20210221T170944_SO2_column_number_density,20210219T162837_20210221T184212_SO2_column_number_density,20210219T181007_20210221T202627_SO2_column_number_density,20210219T195137_20210221T222813_SO2_column_number_density,20210219T213308_20210221T234644_SO2_column_number_density,20210219T231438_20210222T014018_SO2_column_number_density,20210220T005608_20210222T032444_SO2_column_number_density,20210220T023739_20210222T044524_SO2_column_number_density,20210220T041909_20210222T074231_SO2_column_number_density,20210220T060039_20210222T091512_SO2_column_number_density,20210220T074210_20210222T104535_SO2_column_number_density,20210220T092340_20210222T113214_SO2_column_number_density,20210220T110510_20210222T135859_SO2_column_number_density,20210220T124641_20210222T152529_SO2_column_number_density,20210220T142811_20210222T171057_SO2_column_number_density,20210220T160941_20210222T184952_SO2_column_number_density,20210220T175111_20210222T202821_SO2_column_number_density,20210220T193242_20210222T222934_SO2_column_number_density,20210220T211412_20210222T235233_SO2_column_number_density,20210220T225543_20210223T003126_SO2_column_number_density,20210221T003713_20210223T025605_SO2_column_number_density,20210221T021843_20210223T050140_SO2_column_number_density,20210221T040013_20210223T072108_SO2_column_number_density,20210221T054144_20210223T085757_SO2_column_number_density,20210221T072314_20210223T110135_SO2_column_number_density,20210221T090444_20210223T111253_SO2_column_number_density,20210221T104615_20210223T130034_SO2_column_number_density,20210221T122745_20210223T150608_SO2_column_number_density,20210221T140915_20210223T161904_SO2_column_number_density,20210221T155046_20210223T183903_SO2_column_number_density,20210221T173216_20210223T202225_SO2_column_number_density,20210221T191346_20210223T213544_SO2_column_number_density,20210221T205517_20210224T000912_SO2_column_number_density,20210221T223647_20210224T010044_SO2_column_number_density,20210222T001817_20210224T025340_SO2_column_number_density,20210222T015948_20210224T034746_SO2_column_number_density,20210222T034118_20210224T051923_SO2_column_number_density,20210222T052248_20210224T075250_SO2_column_number_density,20210222T070419_20210224T103424_SO2_column_number_density,20210222T084549_20210224T105847_SO2_column_number_density,20210222T102719_20210224T132917_SO2_column_number_density,20210222T120850_20210224T142156_SO2_column_number_density,20210222T135020_20210224T165439_SO2_column_number_density,20210222T153150_20210224T180523_SO2_column_number_density,20210222T171321_20210224T201051_SO2_column_number_density,20210222T185451_20210224T212426_SO2_column_number_density,20210222T203621_20210224T231520_SO2_column_number_density,20210222T221752_20210224T234601_SO2_column_number_density,20210222T235922_20210225T022809_SO2_column_number_density,20210223T014052_20210225T034133_SO2_column_number_density,20210223T032223_20210225T055356_SO2_column_number_density,20210223T050353_20210225T081853_SO2_column_number_density,20210223T064523_20210225T091328_SO2_column_number_density,20210223T082654_20210225T102625_SO2_column_number_density,20210223T100824_20210225T132141_SO2_column_number_density,20210223T114954_20210225T144546_SO2_column_number_density,20210223T133125_20210225T163445_SO2_column_number_density,20210223T151255_20210225T172838_SO2_column_number_density,20210223T165425_20210225T191716_SO2_column_number_density,20210223T183555_20210225T205631_SO2_column_number_density,20210223T201726_20210225T222350_SO2_column_number_density,20210223T215856_20210225T234037_SO2_column_number_density,20210223T234027_20210226T022035_SO2_column_number_density,20210224T012157_20210226T030923_SO2_column_number_density,20210224T030327_20210226T050535_SO2_column_number_density,20210224T044457_20210226T075516_SO2_column_number_density,20210224T062628_20210226T093319_SO2_column_number_density,20210224T080758_20210226T100916_SO2_column_number_density,20210224T094929_20210226T123218_SO2_column_number_density,20210224T113059_20210226T134824_SO2_column_number_density,20210224T131229_20210226T161958_SO2_column_number_density,20210224T145359_20210226T170046_SO2_column_number_density,20210224T163530_20210226T190925_SO2_column_number_density,20210224T181700_20210226T213803_SO2_column_number_density,20210224T195830_20210226T221452_SO2_column_number_density,20210224T214001_20210226T235651_SO2_column_number_density,20210224T232131_20210227T014916_SO2_column_number_density,20210225T010301_20210227T040050_SO2_column_number_density,20210225T024432_20210227T043347_SO2_column_number_density,20210225T042602_20210227T072224_SO2_column_number_density,20210225T060732_20210227T081320_SO2_column_number_density,20210225T074903_20210227T093919_SO2_column_number_density,20210225T093033_20210227T123617_SO2_column_number_density,20210225T111204_20210227T142930_SO2_column_number_density,20210225T125334_20210227T161126_SO2_column_number_density,20210225T143504_20210227T172127_SO2_column_number_density,20210225T161634_20210227T181017_SO2_column_number_density,20210225T175805_20210227T211515_SO2_column_number_density,20210225T193935_20210227T230137_SO2_column_number_density,20210225T212105_20210227T231237_SO2_column_number_density,20210225T230236_20210228T015755_SO2_column_number_density,20210226T004406_20210228T031201_SO2_column_number_density,20210226T022536_20210228T052228_SO2_column_number_density,20210226T040707_20210228T065713_SO2_column_number_density,20210226T054837_20210228T090638_SO2_column_number_density,20210226T073007_20210228T095839_SO2_column_number_density,20210226T091138_20210228T120451_SO2_column_number_density,20210226T105308_20210228T130122_SO2_column_number_density,20210226T123439_20210228T152645_SO2_column_number_density,20210226T141609_20210228T160029_SO2_column_number_density,20210226T155739_20210228T183905_SO2_column_number_density,20210226T173909_20210228T201724_SO2_column_number_density,20210226T192040_20210228T220219_SO2_column_number_density,20210226T210210_20210228T233535_SO2_column_number_density,20210226T224341_20210301T012110_SO2_column_number_density,20210227T002511_20210301T014756_SO2_column_number_density,20210227T020641_20210301T040005_SO2_column_number_density,20210227T034812_20210301T062300_SO2_column_number_density,20210227T052942_20210301T074734_SO2_column_number_density,20210227T071112_20210301T091634_SO2_column_number_density,20210227T085243_20210301T110541_SO2_column_number_density,20210227T103413_20210301T130602_SO2_column_number_density,20210227T121543_20210301T153447_SO2_column_number_density,20210227T135714_20210301T164240_SO2_column_number_density,20210227T153844_20210301T175557_SO2_column_number_density,20210227T172014_20210301T193238_SO2_column_number_density,20210227T190145_20210301T221941_SO2_column_number_density,20210227T204315_20210301T225533_SO2_column_number_density,20210227T222445_20210302T003449_SO2_column_number_density,system:index,Maille,grid_name
,,,,,,,,,,,,,,,,,,1.7356386427223022E-5,,,,,,,,,,,,,,,,,,,,,,,,,,,,,,,,,,,,,,,,,,,2.0692250424112426E-4,,,,,,,,,,,,,,2.5463027703182776E-4,,,,,,,,,,,,,,-8.379871064882219E-5,,,,,,,,,,,,,,-7.219576222303939E-5,,,,,,,,,,,,,,-1.1055614084155615E-4,,,,,,,,,,,,,,,,,,,,,,,,,,,,,2.0367479338528587E-4,,,,,,,,,,,,,,-1.5233291144086402E-5,,,,,,,,,,0,0,grids_indore
