20210801T002608_20210803T021508_SO2_column_number_density,20210801T020738_20210803T035406_SO2_column_number_density,20210801T034908_20210803T053920_SO2_column_number_density,20210801T053037_20210803T073815_SO2_column_number_density,20210801T071207_20210803T090041_SO2_column_number_density,20210801T085336_20210803T101325_SO2_column_number_density,20210801T103506_20210803T115732_SO2_column_number_density,20210801T121636_20210803T142307_SO2_column_number_density,20210801T135805_20210803T162257_SO2_column_number_density,20210801T153935_20210803T175230_SO2_column_number_density,20210801T172104_20210803T191706_SO2_column_number_density,20210801T190234_20210803T205740_SO2_column_number_density,20210801T204403_20210803T223853_SO2_column_number_density,20210801T222533_20210803T233910_SO2_column_number_density,20210802T000703_20210804T020344_SO2_column_number_density,20210802T014832_20210804T024218_SO2_column_number_density,20210802T033002_20210804T044132_SO2_column_number_density,20210802T051131_20210804T072552_SO2_column_number_density,20210802T065301_20210804T083621_SO2_column_number_density,20210802T083431_20210804T095735_SO2_column_number_density,20210802T101600_20210804T122534_SO2_column_number_density,20210802T115730_20210804T132402_SO2_column_number_density,20210802T133859_20210804T150410_SO2_column_number_density,20210802T152029_20210804T172358_SO2_column_number_density,20210802T170158_20210804T182857_SO2_column_number_density,20210802T184328_20210804T235751_SO2_column_number_density,20210802T202458_20210804T225514_SO2_column_number_density,20210802T220627_20210804T232801_SO2_column_number_density,20210802T234757_20210805T005316_SO2_column_number_density,20210803T012926_20210805T024830_SO2_column_number_density,20210803T031056_20210805T045529_SO2_column_number_density,20210803T045225_20210805T065630_SO2_column_number_density,20210803T063355_20210805T081926_SO2_column_number_density,20210803T081525_20210805T093452_SO2_column_number_density,20210803T095654_20210805T122724_SO2_column_number_density,20210803T113824_20210805T141451_SO2_column_number_density,20210803T131953_20210806T073940_SO2_column_number_density,20210803T150123_20210809T105643_SO2_column_number_density,20210803T164252_20210809T110632_SO2_column_number_density,20210803T182422_20210809T111219_SO2_column_number_density,20210803T200552_20210809T112837_SO2_column_number_density,20210803T214721_20210809T113542_SO2_column_number_density,20210803T232851_20210809T113855_SO2_column_number_density,20210804T011020_20210809T114534_SO2_column_number_density,20210804T025150_20210809T115355_SO2_column_number_density,20210804T043319_20210809T120108_SO2_column_number_density,20210804T061449_20210809T120457_SO2_column_number_density,20210804T075619_20210809T121145_SO2_column_number_density,20210804T093748_20210809T122032_SO2_column_number_density,20210804T111918_20210809T112955_SO2_column_number_density,20210804T130047_20210809T125400_SO2_column_number_density,20210804T144217_20210806T161500_SO2_column_number_density,20210804T162346_20210806T181139_SO2_column_number_density,20210804T180516_20210806T202606_SO2_column_number_density,20210804T194646_20210806T215514_SO2_column_number_density,20210804T212815_20210806T234035_SO2_column_number_density,20210804T230945_20210807T000615_SO2_column_number_density,20210805T005114_20210807T022456_SO2_column_number_density,20210805T023244_20210807T042328_SO2_column_number_density,20210805T041413_20210807T060859_SO2_column_number_density,20210805T055543_20210807T080136_SO2_column_number_density,20210805T073713_20210807T091238_SO2_column_number_density,20210805T091842_20210807T113706_SO2_column_number_density,20210805T110012_20210807T134258_SO2_column_number_density,20210805T124141_20210807T142400_SO2_column_number_density,20210805T142311_20210807T162228_SO2_column_number_density,20210805T160440_20210807T173402_SO2_column_number_density,20210805T174610_20210807T193001_SO2_column_number_density,20210805T192740_20210807T204832_SO2_column_number_density,20210805T210909_20210807T230533_SO2_column_number_density,20210805T225039_20210808T004705_SO2_column_number_density,20210806T003208_20210808T023101_SO2_column_number_density,20210806T021338_20210808T031226_SO2_column_number_density,20210806T035507_20210808T054058_SO2_column_number_density,20210806T053637_20210808T071524_SO2_column_number_density,20210806T071807_20210808T090408_SO2_column_number_density,20210806T085936_20210808T111358_SO2_column_number_density,20210806T104106_20210808T132920_SO2_column_number_density,20210806T122235_20210808T144634_SO2_column_number_density,20210806T140405_20210808T154545_SO2_column_number_density,20210806T154534_20210808T175319_SO2_column_number_density,20210806T172704_20210808T184336_SO2_column_number_density,20210806T190833_20210808T204720_SO2_column_number_density,20210806T205003_20210808T230512_SO2_column_number_density,20210806T223133_20210808T235841_SO2_column_number_density,20210807T001302_20210809T015331_SO2_column_number_density,20210807T015432_20210809T030344_SO2_column_number_density,20210807T033601_20210809T044231_SO2_column_number_density,20210807T051731_20210809T063148_SO2_column_number_density,20210807T065900_20210809T083842_SO2_column_number_density,20210807T084030_20210809T112032_SO2_column_number_density,20210807T102200_20210809T124509_SO2_column_number_density,20210807T120329_20210809T144801_SO2_column_number_density,20210807T134459_20210809T153125_SO2_column_number_density,20210807T152628_20210809T165129_SO2_column_number_density,20210807T170758_20210809T193139_SO2_column_number_density,20210807T184927_20210809T205322_SO2_column_number_density,20210807T203057_20210809T223043_SO2_column_number_density,20210807T221226_20210810T000135_SO2_column_number_density,20210807T235356_20210810T013911_SO2_column_number_density,20210808T013526_20210810T025802_SO2_column_number_density,20210808T031655_20210810T052101_SO2_column_number_density,20210808T045825_20210810T064845_SO2_column_number_density,20210808T063954_20210810T082506_SO2_column_number_density,20210808T082124_20210810T103605_SO2_column_number_density,20210808T100253_20210810T112937_SO2_column_number_density,20210808T114423_20210810T135237_SO2_column_number_density,20210808T132552_20210810T150506_SO2_column_number_density,20210808T150722_20210810T162509_SO2_column_number_density,20210808T164851_20210810T181851_SO2_column_number_density,20210808T183021_20210811T000913_SO2_column_number_density,20210808T201151_20210810T234156_SO2_column_number_density,20210808T215320_20210811T013312_SO2_column_number_density,20210808T233450_20210811T004524_SO2_column_number_density,20210809T011619_20210811T030128_SO2_column_number_density,20210809T025749_20210811T045316_SO2_column_number_density,20210809T043918_20210811T061737_SO2_column_number_density,20210809T062048_20210811T074616_SO2_column_number_density,20210809T080217_20210811T092125_SO2_column_number_density,20210809T094347_20210811T114121_SO2_column_number_density,20210809T112517_20210811T140235_SO2_column_number_density,20210809T130646_20210811T150258_SO2_column_number_density,20210809T144816_20210811T162550_SO2_column_number_density,20210809T162945_20210811T175923_SO2_column_number_density,20210809T181115_20210811T211441_SO2_column_number_density,20210809T195244_20210811T214613_SO2_column_number_density,20210809T213414_20210811T223825_SO2_column_number_density,20210809T231543_20210812T003359_SO2_column_number_density,20210810T005713_20210812T015414_SO2_column_number_density,20210810T023842_20210812T035129_SO2_column_number_density,20210810T042012_20210812T061149_SO2_column_number_density,20210810T060141_20210812T073415_SO2_column_number_density,20210810T074311_20210812T091318_SO2_column_number_density,20210810T092441_20210812T105302_SO2_column_number_density,20210810T110610_20210812T125708_SO2_column_number_density,20210810T124740_20210812T150216_SO2_column_number_density,20210810T142909_20210812T162738_SO2_column_number_density,20210810T161039_20210812T181454_SO2_column_number_density,20210810T175208_20210812T193437_SO2_column_number_density,20210810T193338_20210812T214748_SO2_column_number_density,20210810T211507_20210812T223903_SO2_column_number_density,20210810T225637_20210812T235051_SO2_column_number_density,20210811T003807_20210813T012509_SO2_column_number_density,20210811T021936_20210813T032221_SO2_column_number_density,20210811T040105_20210813T061535_SO2_column_number_density,20210811T054235_20210813T075616_SO2_column_number_density,20210811T072405_20210813T084224_SO2_column_number_density,20210811T090534_20210813T101916_SO2_column_number_density,20210811T104704_20210813T123556_SO2_column_number_density,20210811T122833_20210813T150250_SO2_column_number_density,20210811T141003_20210813T160321_SO2_column_number_density,20210811T155132_20210813T180734_SO2_column_number_density,20210811T173302_20210813T195356_SO2_column_number_density,20210811T191431_20210813T213558_SO2_column_number_density,20210811T205601_20210813T222824_SO2_column_number_density,20210811T223731_20210813T235411_SO2_column_number_density,20210812T001900_20210814T005432_SO2_column_number_density,20210812T020030_20210814T032013_SO2_column_number_density,20210812T034159_20210814T052518_SO2_column_number_density,20210812T052329_20210814T073916_SO2_column_number_density,20210812T070458_20210814T090409_SO2_column_number_density,20210812T084628_20210814T100323_SO2_column_number_density,20210812T102757_20210814T125330_SO2_column_number_density,20210812T120927_20210814T141257_SO2_column_number_density,20210812T135056_20210814T150107_SO2_column_number_density,20210812T153226_20210814T174621_SO2_column_number_density,20210812T171355_20210814T190528_SO2_column_number_density,20210812T185525_20210814T210323_SO2_column_number_density,20210812T203654_20210814T223003_SO2_column_number_density,20210812T221824_20210815T001804_SO2_column_number_density,20210812T235953_20210815T014843_SO2_column_number_density,20210813T014123_20210815T020131_SO2_column_number_density,20210813T032252_20210815T053721_SO2_column_number_density,20210813T050422_20210815T061751_SO2_column_number_density,20210813T064551_20210815T084355_SO2_column_number_density,20210813T082721_20210815T100224_SO2_column_number_density,20210813T100851_20210815T115023_SO2_column_number_density,20210813T115020_20210815T144958_SO2_column_number_density,20210813T133150_20210815T155447_SO2_column_number_density,20210813T151319_20210815T171314_SO2_column_number_density,20210813T165449_20210815T191313_SO2_column_number_density,20210813T183618_20210815T204717_SO2_column_number_density,20210813T201748_20210815T214643_SO2_column_number_density,20210813T215917_20210815T230457_SO2_column_number_density,20210813T234047_20210816T004653_SO2_column_number_density,20210814T012216_20210816T030343_SO2_column_number_density,20210814T030346_20210816T043323_SO2_column_number_density,20210814T044515_20210816T062621_SO2_column_number_density,20210814T062645_20210816T075854_SO2_column_number_density,20210814T080814_20210816T095156_SO2_column_number_density,20210814T094944_20210816T122547_SO2_column_number_density,20210814T113114_20210816T132927_SO2_column_number_density,20210814T131243_20210816T152650_SO2_column_number_density,20210814T145412_20210816T170246_SO2_column_number_density,20210814T163542_20210816T180633_SO2_column_number_density,20210814T181711_20210816T204323_SO2_column_number_density,20210814T195841_20210816T214934_SO2_column_number_density,20210814T214011_20210816T234705_SO2_column_number_density,20210814T232140_20210817T004839_SO2_column_number_density,system:index,Maille,grid_name
,,,,,,,,,,,,,,,,,,,,,,,,,,,,,,,,,,,,,,,,,,,,,,,,,,,,,,,,,,,,,,,,,,,,,,,,,,,-4.539774084518063E-5,,,,,,,,,,,,,,,,,,,,,,,,,,,,,,,,,,,,,,,,,,,,,,,,,,,,,,,,,,,,,,,,,,,,,,,5.333161448913564E-4,,,,,,,,,,,,,,,,,,,,,,,,,,,,1.3479708155654014E-4,,,,,,,,,,,,,,,,,,,,,,,,,0,0,grids_nalagarh
