20201001T002015_20201003T013222_SO2_column_number_density,20201001T020145_20201003T030657_SO2_column_number_density,20201001T034314_20201003T055119_SO2_column_number_density,20201001T052443_20201003T080443_SO2_column_number_density,20201001T070613_20201003T085856_SO2_column_number_density,20201001T084742_20201003T114955_SO2_column_number_density,20201001T102912_20201003T132242_SO2_column_number_density,20201001T121041_20201003T145223_SO2_column_number_density,20201001T135210_20201003T163715_SO2_column_number_density,20201001T153340_20201003T175425_SO2_column_number_density,20201001T171509_20201003T191818_SO2_column_number_density,20201001T185638_20201003T221349_SO2_column_number_density,20201001T203808_20201003T224500_SO2_column_number_density,20201001T221937_20201003T234732_SO2_column_number_density,20201002T000107_20201004T005956_SO2_column_number_density,20201002T014236_20201004T032250_SO2_column_number_density,20201002T032405_20201004T053154_SO2_column_number_density,20201002T050535_20201004T065007_SO2_column_number_density,20201002T064704_20201004T092112_SO2_column_number_density,20201002T082834_20201004T104609_SO2_column_number_density,20201002T101003_20201004T131309_SO2_column_number_density,20201002T115133_20201004T142253_SO2_column_number_density,20201002T133302_20201004T164325_SO2_column_number_density,20201002T151431_20201004T172430_SO2_column_number_density,20201002T165601_20201004T191511_SO2_column_number_density,20201002T183730_20201004T213329_SO2_column_number_density,20201002T201859_20201004T212929_SO2_column_number_density,20201002T220029_20201004T235338_SO2_column_number_density,20201002T234158_20201005T011539_SO2_column_number_density,20201003T012328_20201005T024237_SO2_column_number_density,20201003T030457_20201005T042046_SO2_column_number_density,20201003T044627_20201005T071838_SO2_column_number_density,20201003T062756_20201005T091637_SO2_column_number_density,20201003T080925_20201005T102830_SO2_column_number_density,20201003T095055_20201005T114437_SO2_column_number_density,20201003T113224_20201005T142125_SO2_column_number_density,20201003T131354_20201005T152402_SO2_column_number_density,20201003T145523_20201005T174352_SO2_column_number_density,20201003T163652_20201005T183550_SO2_column_number_density,20201003T181822_20201005T205416_SO2_column_number_density,20201003T195951_20201005T211905_SO2_column_number_density,20201003T214121_20201005T233942_SO2_column_number_density,20201003T232250_20201006T015721_SO2_column_number_density,20201004T010419_20201006T025040_SO2_column_number_density,20201004T024549_20201006T033603_SO2_column_number_density,20201004T042718_20201006T054940_SO2_column_number_density,20201004T060848_20201006T083204_SO2_column_number_density,20201004T075017_20201006T095433_SO2_column_number_density,20201004T093147_20201006T121301_SO2_column_number_density,20201004T111316_20201006T140328_SO2_column_number_density,20201004T125445_20201006T150457_SO2_column_number_density,20201004T143615_20201006T162242_SO2_column_number_density,20201004T161744_20201006T191409_SO2_column_number_density,20201004T175913_20201006T202949_SO2_column_number_density,20201004T194043_20201006T221043_SO2_column_number_density,20201004T212212_20201006T230436_SO2_column_number_density,20201004T230342_20201007T002134_SO2_column_number_density,20201005T004511_20201007T021720_SO2_column_number_density,20201005T022641_20201007T024218_SO2_column_number_density,20201005T040810_20201007T061319_SO2_column_number_density,20201005T054939_20201007T082906_SO2_column_number_density,20201005T073109_20201007T095433_SO2_column_number_density,20201005T091238_20201007T115008_SO2_column_number_density,20201005T105408_20201007T131522_SO2_column_number_density,20201005T123537_20201007T144240_SO2_column_number_density,20201005T141706_20201007T153902_SO2_column_number_density,20201005T155836_20201007T184352_SO2_column_number_density,20201005T174005_20201007T201548_SO2_column_number_density,20201005T192135_20201007T213020_SO2_column_number_density,20201005T210304_20201007T225458_SO2_column_number_density,20201005T224433_20201008T001022_SO2_column_number_density,20201006T002603_20201008T024733_SO2_column_number_density,20201006T020732_20201008T042529_SO2_column_number_density,20201006T034902_20201008T061251_SO2_column_number_density,20201006T053031_20201008T065715_SO2_column_number_density,20201006T071200_20201008T093617_SO2_column_number_density,20201006T085330_20201008T110600_SO2_column_number_density,20201006T103459_20201008T122547_SO2_column_number_density,20201006T121629_20201008T145721_SO2_column_number_density,20201006T135758_20201008T162141_SO2_column_number_density,20201006T153927_20201008T182352_SO2_column_number_density,20201006T172057_20201008T190443_SO2_column_number_density,20201006T190226_20201008T221835_SO2_column_number_density,20201006T204356_20201008T222457_SO2_column_number_density,20201006T222525_20201009T004049_SO2_column_number_density,20201007T000654_20201009T022026_SO2_column_number_density,20201007T014824_20201009T032930_SO2_column_number_density,20201007T032953_20201009T054926_SO2_column_number_density,20201007T051123_20201009T074042_SO2_column_number_density,20201007T065252_20201009T082707_SO2_column_number_density,20201007T083421_20201009T102532_SO2_column_number_density,20201007T101551_20201009T130118_SO2_column_number_density,20201007T115720_20201009T150434_SO2_column_number_density,20201007T133850_20201009T154147_SO2_column_number_density,20201007T152019_20201009T174846_SO2_column_number_density,20201007T170148_20201009T193643_SO2_column_number_density,20201007T184318_20201009T211258_SO2_column_number_density,20201007T202447_20201009T221100_SO2_column_number_density,20201007T220617_20201009T232457_SO2_column_number_density,20201007T234746_20201010T023143_SO2_column_number_density,20201008T012916_20201010T041003_SO2_column_number_density,20201008T031045_20201010T052035_SO2_column_number_density,20201008T045214_20201010T062515_SO2_column_number_density,20201008T063344_20201010T090331_SO2_column_number_density,20201008T081513_20201010T094623_SO2_column_number_density,20201008T095643_20201010T121114_SO2_column_number_density,20201008T113812_20201010T142112_SO2_column_number_density,20201008T131941_20201010T160352_SO2_column_number_density,20201008T150111_20201010T172349_SO2_column_number_density,20201008T164240_20201010T192245_SO2_column_number_density,20201008T182409_20201010T202821_SO2_column_number_density,20201008T200539_20201010T224453_SO2_column_number_density,20201008T214708_20201010T234645_SO2_column_number_density,20201008T232838_20201011T010819_SO2_column_number_density,20201009T011007_20201011T034536_SO2_column_number_density,20201009T025137_20201011T042439_SO2_column_number_density,20201009T043306_20201011T063005_SO2_column_number_density,20201009T061435_20201011T085359_SO2_column_number_density,20201009T075605_20201011T104435_SO2_column_number_density,20201009T093734_20201011T114831_SO2_column_number_density,20201009T111904_20201011T150342_SO2_column_number_density,20201009T130033_20201011T153833_SO2_column_number_density,20201009T144202_20201011T160713_SO2_column_number_density,20201009T162332_20201011T185354_SO2_column_number_density,20201009T180501_20201011T210029_SO2_column_number_density,20201009T194631_20201011T215841_SO2_column_number_density,20201009T212800_20201011T234951_SO2_column_number_density,20201009T230929_20201012T013118_SO2_column_number_density,20201010T005059_20201012T023242_SO2_column_number_density,20201010T023228_20201012T045331_SO2_column_number_density,20201010T041358_20201012T054733_SO2_column_number_density,20201010T055527_20201012T075644_SO2_column_number_density,20201010T073656_20201012T100559_SO2_column_number_density,20201010T091826_20201012T120808_SO2_column_number_density,20201010T105955_20201012T133700_SO2_column_number_density,20201010T124125_20201012T154510_SO2_column_number_density,20201010T142254_20201012T155119_SO2_column_number_density,20201010T160423_20201012T181122_SO2_column_number_density,20201010T174553_20201012T202618_SO2_column_number_density,20201010T192722_20201012T220200_SO2_column_number_density,20201010T210852_20201012T234202_SO2_column_number_density,20201010T225021_20201013T002111_SO2_column_number_density,20201011T003151_20201013T032008_SO2_column_number_density,20201011T021320_20201013T032141_SO2_column_number_density,20201011T035449_20201013T063114_SO2_column_number_density,20201011T053619_20201013T083327_SO2_column_number_density,20201011T071748_20201013T095530_SO2_column_number_density,20201011T085918_20201013T115616_SO2_column_number_density,20201011T104047_20201013T130301_SO2_column_number_density,20201011T122216_20201013T140432_SO2_column_number_density,20201011T140346_20201013T161757_SO2_column_number_density,20201011T154515_20201013T175715_SO2_column_number_density,20201011T172644_20201013T195814_SO2_column_number_density,20201011T190814_20201013T222323_SO2_column_number_density,20201011T204943_20201013T222837_SO2_column_number_density,20201011T223113_20201014T004819_SO2_column_number_density,20201012T001242_20201014T022559_SO2_column_number_density,20201012T015412_20201014T034119_SO2_column_number_density,20201012T033541_20201014T055705_SO2_column_number_density,20201012T051710_20201014T072213_SO2_column_number_density,20201012T065840_20201014T093023_SO2_column_number_density,20201012T084009_20201014T110420_SO2_column_number_density,20201012T102139_20201014T125003_SO2_column_number_density,20201012T120308_20201014T152355_SO2_column_number_density,20201012T134437_20201014T162528_SO2_column_number_density,20201012T152607_20201014T165447_SO2_column_number_density,20201012T170736_20201014T193924_SO2_column_number_density,20201012T184906_20201014T204829_SO2_column_number_density,20201012T203035_20201014T225415_SO2_column_number_density,20201012T221205_20201015T003342_SO2_column_number_density,20201012T235334_20201015T014502_SO2_column_number_density,20201013T013503_20201015T033202_SO2_column_number_density,20201013T031633_20201015T054240_SO2_column_number_density,20201013T045802_20201015T073143_SO2_column_number_density,20201013T063931_20201015T091838_SO2_column_number_density,20201013T082101_20201015T104540_SO2_column_number_density,20201013T100230_20201015T120025_SO2_column_number_density,20201013T114400_20201015T150054_SO2_column_number_density,20201013T132529_20201015T160730_SO2_column_number_density,20201013T150658_20201015T162642_SO2_column_number_density,20201013T164828_20201015T191414_SO2_column_number_density,20201013T182957_20201015T204726_SO2_column_number_density,20201013T201127_20201015T222328_SO2_column_number_density,20201013T215256_20201016T004228_SO2_column_number_density,20201013T233426_20201016T022339_SO2_column_number_density,20201014T011555_20201016T032932_SO2_column_number_density,20201014T025724_20201016T050442_SO2_column_number_density,20201014T043854_20201016T062719_SO2_column_number_density,20201014T062023_20201016T081859_SO2_column_number_density,20201014T080153_20201016T103850_SO2_column_number_density,20201014T094322_20201016T114810_SO2_column_number_density,20201014T112452_20201016T143052_SO2_column_number_density,20201014T130621_20201016T161438_SO2_column_number_density,20201014T144750_20201016T173908_SO2_column_number_density,20201014T162920_20201016T174250_SO2_column_number_density,20201014T181049_20201016T201310_SO2_column_number_density,20201014T195218_20201016T220053_SO2_column_number_density,20201014T213348_20201017T002538_SO2_column_number_density,20201014T231517_20201017T014647_SO2_column_number_density,system:index,Maille,grid_name
,,,,-1.0629590739939423E-4,,,,,,,,,,,,,,-1.5598577598863024E-4,,,,,,,,,,,,,,2.182698981495581E-4,,,,,,,,,,,,,,5.696647090274671E-4,,,,,,,,,,,,,,,2.3415607131847417E-4,,,,,,,,,,,,,,1.7814050569634493E-4,,,,,,,,,,,,,,2.4382341246335376E-5,,,,,,,,,,,,,,-3.525763875123365E-5,,,,,,,,,,,,,,2.199962856029619E-4,,,,,,,,,,,,,,,,,,,,,,,,,,,,,3.418611971758879E-4,,,,,,,,,,,,,,-1.9969906284364607E-4,,,,,,,,,,,,,,-1.4959675309117066E-4,,,,,,,,,,,,,,,,,,,,,,,,,0,0,grids_paontasahib
