20200716T011145_20200724T024006_SO2_column_number_density,20200716T025315_20200724T015318_SO2_column_number_density,20200716T043444_20200724T020705_SO2_column_number_density,20200716T061614_20200724T024909_SO2_column_number_density,20200716T075744_20200724T021230_SO2_column_number_density,20200716T093913_20200724T021128_SO2_column_number_density,20200716T112043_20200724T023326_SO2_column_number_density,20200716T130213_20200724T021714_SO2_column_number_density,20200716T144342_20200724T022114_SO2_column_number_density,20200716T162512_20200918T003520_SO2_column_number_density,20200716T180641_20200918T193010_SO2_column_number_density,20200716T194811_20200724T034112_SO2_column_number_density,20200716T212941_20200724T034652_SO2_column_number_density,20200716T231110_20200724T040542_SO2_column_number_density,20200717T005240_20200724T210639_SO2_column_number_density,20200717T023410_20200724T201609_SO2_column_number_density,20200717T041539_20200724T201203_SO2_column_number_density,20200717T055709_20200724T210815_SO2_column_number_density,20200717T073838_20200724T211443_SO2_column_number_density,20200717T092008_20200724T203313_SO2_column_number_density,20200717T110138_20200724T211538_SO2_column_number_density,20200717T124307_20200724T212628_SO2_column_number_density,20200717T142437_20200724T213102_SO2_column_number_density,20200717T160606_20200724T220145_SO2_column_number_density,20200717T174736_20200724T215504_SO2_column_number_density,20200717T192906_20200724T220837_SO2_column_number_density,20200717T211035_20200724T221510_SO2_column_number_density,20200717T225205_20200724T225610_SO2_column_number_density,20200718T003335_20200725T195620_SO2_column_number_density,20200718T021504_20200725T195818_SO2_column_number_density,20200718T035634_20200725T202835_SO2_column_number_density,20200718T053803_20200725T210120_SO2_column_number_density,20200718T071933_20200725T201823_SO2_column_number_density,20200718T090103_20200725T201447_SO2_column_number_density,20200718T104233_20200725T210116_SO2_column_number_density,20200718T122402_20200725T210837_SO2_column_number_density,20200718T140532_20200725T204854_SO2_column_number_density,20200718T154701_20200725T210801_SO2_column_number_density,20200718T172831_20200725T203847_SO2_column_number_density,20200718T191000_20200725T211334_SO2_column_number_density,20200718T205130_20200725T205610_SO2_column_number_density,20200718T223300_20200725T193537_SO2_column_number_density,20200719T001429_20200727T123955_SO2_column_number_density,20200719T015559_20200727T124337_SO2_column_number_density,20200719T033729_20200727T132356_SO2_column_number_density,20200719T051858_20200727T132932_SO2_column_number_density,20200719T070028_20200727T132433_SO2_column_number_density,20200719T084157_20200727T123750_SO2_column_number_density,20200719T102327_20200727T130203_SO2_column_number_density,20200719T120457_20200727T133233_SO2_column_number_density,20200719T134626_20200727T124751_SO2_column_number_density,20200719T152756_20200727T124501_SO2_column_number_density,20200719T170925_20200727T133648_SO2_column_number_density,20200719T185055_20200727T134021_SO2_column_number_density,20200719T203225_20200727T124827_SO2_column_number_density,20200719T221354_20200727T134029_SO2_column_number_density,20200719T235524_20200727T130349_SO2_column_number_density,20200720T013654_20200728T040155_SO2_column_number_density,20200720T031823_20200728T053229_SO2_column_number_density,20200720T045953_20200728T044101_SO2_column_number_density,20200720T064122_20200728T050346_SO2_column_number_density,20200720T082252_20200728T051413_SO2_column_number_density,20200720T100422_20200728T052606_SO2_column_number_density,20200720T114551_20200728T055001_SO2_column_number_density,20200720T132721_20200728T053235_SO2_column_number_density,20200720T150850_20200728T044032_SO2_column_number_density,20200720T165020_20200728T052122_SO2_column_number_density,20200720T183150_20200728T052738_SO2_column_number_density,20200720T201319_20200728T061554_SO2_column_number_density,20200720T215449_20200728T044822_SO2_column_number_density,20200720T233618_20200728T045544_SO2_column_number_density,20200721T011748_20200728T195425_SO2_column_number_density,20200721T025918_20200728T201704_SO2_column_number_density,20200721T044047_20200728T205646_SO2_column_number_density,20200721T062217_20200728T204855_SO2_column_number_density,20200721T080346_20200728T203252_SO2_column_number_density,20200721T094516_20200728T210542_SO2_column_number_density,20200721T112646_20200728T205127_SO2_column_number_density,20200721T130815_20200728T205641_SO2_column_number_density,20200721T144945_20200728T210931_SO2_column_number_density,20200721T163114_20200728T211820_SO2_column_number_density,20200721T181244_20200728T204246_SO2_column_number_density,20200721T195414_20200728T213635_SO2_column_number_density,20200721T213543_20200728T221340_SO2_column_number_density,20200721T231713_20200728T225457_SO2_column_number_density,20200722T005842_20200729T173533_SO2_column_number_density,20200722T024012_20200729T172403_SO2_column_number_density,20200722T042141_20200729T182000_SO2_column_number_density,20200722T060311_20200729T183620_SO2_column_number_density,20200722T074441_20200729T190545_SO2_column_number_density,20200722T092610_20200729T184334_SO2_column_number_density,20200722T110740_20200729T185740_SO2_column_number_density,20200722T124910_20200729T183559_SO2_column_number_density,20200722T143039_20200729T184854_SO2_column_number_density,20200722T161209_20200729T154039_SO2_column_number_density,20200722T175338_20200729T104925_SO2_column_number_density,20200722T193508_20200729T190649_SO2_column_number_density,20200722T211638_20200729T194924_SO2_column_number_density,20200722T225807_20200729T190038_SO2_column_number_density,20200723T003937_20200730T155702_SO2_column_number_density,20200723T022106_20200730T162820_SO2_column_number_density,20200723T040236_20200730T162104_SO2_column_number_density,20200723T054405_20200730T160601_SO2_column_number_density,20200723T072535_20200730T153226_SO2_column_number_density,20200723T090705_20200730T161428_SO2_column_number_density,20200723T104834_20200730T170358_SO2_column_number_density,20200723T123004_20200730T162802_SO2_column_number_density,20200723T141133_20200730T155804_SO2_column_number_density,20200723T155303_20200730T164514_SO2_column_number_density,20200723T173433_20200730T162244_SO2_column_number_density,20200723T191602_20200730T163418_SO2_column_number_density,20200723T205732_20200730T174359_SO2_column_number_density,20200723T223901_20200730T175809_SO2_column_number_density,20200724T002031_20200731T081257_SO2_column_number_density,20200724T020201_20200731T083114_SO2_column_number_density,20200724T034330_20200731T080840_SO2_column_number_density,20200724T052500_20200731T071128_SO2_column_number_density,20200724T070629_20200731T071815_SO2_column_number_density,20200724T084759_20200731T083713_SO2_column_number_density,20200724T102929_20200731T083353_SO2_column_number_density,20200724T121058_20200731T090404_SO2_column_number_density,20200724T135228_20200731T081516_SO2_column_number_density,20200724T153357_20200731T082543_SO2_column_number_density,20200724T171527_20200731T080531_SO2_column_number_density,20200724T185656_20200731T090105_SO2_column_number_density,20200724T203826_20200731T101422_SO2_column_number_density,20200724T221956_20200731T092911_SO2_column_number_density,20200725T000125_20200731T235352_SO2_column_number_density,20200725T014255_20200801T000906_SO2_column_number_density,20200725T032424_20200801T000427_SO2_column_number_density,20200725T050554_20200801T001940_SO2_column_number_density,20200725T064723_20200731T232759_SO2_column_number_density,20200725T082853_20200801T004115_SO2_column_number_density,20200725T101023_20200801T010433_SO2_column_number_density,20200725T115152_20200801T012832_SO2_column_number_density,20200725T133322_20200801T010708_SO2_column_number_density,20200725T151451_20200801T004331_SO2_column_number_density,20200725T165621_20200801T002830_SO2_column_number_density,20200725T183750_20200801T020925_SO2_column_number_density,20200725T201920_20200801T014901_SO2_column_number_density,20200725T220050_20200801T013435_SO2_column_number_density,20200725T234219_20200801T020306_SO2_column_number_density,20200726T012349_20200801T190612_SO2_column_number_density,20200726T030518_20200801T191143_SO2_column_number_density,20200726T044648_20200801T184229_SO2_column_number_density,20200726T062817_20200801T184534_SO2_column_number_density,20200726T080947_20200801T181208_SO2_column_number_density,20200726T095117_20200801T191734_SO2_column_number_density,20200726T113246_20200801T194420_SO2_column_number_density,20200726T131416_20200801T200917_SO2_column_number_density,20200726T145545_20200801T182535_SO2_column_number_density,20200726T163715_20200801T184835_SO2_column_number_density,20200726T181844_20200801T190950_SO2_column_number_density,20200726T200014_20200801T191740_SO2_column_number_density,20200726T214144_20200801T193525_SO2_column_number_density,20200726T232313_20200801T182712_SO2_column_number_density,20200727T024612_20200802T165316_SO2_column_number_density,20200727T042742_20200802T162954_SO2_column_number_density,20200727T060911_20200802T165751_SO2_column_number_density,20200727T075041_20200802T164648_SO2_column_number_density,20200727T093211_20200802T161613_SO2_column_number_density,20200727T111340_20200802T174600_SO2_column_number_density,20200727T125510_20200802T173300_SO2_column_number_density,20200727T143639_20200802T162111_SO2_column_number_density,20200727T161809_20200802T162913_SO2_column_number_density,20200727T175938_20200802T165250_SO2_column_number_density,20200727T194108_20200802T170650_SO2_column_number_density,20200727T212237_20200802T170905_SO2_column_number_density,20200727T230407_20200802T163345_SO2_column_number_density,20200728T004537_20200803T082518_SO2_column_number_density,20200728T022706_20200803T082642_SO2_column_number_density,20200728T040836_20200803T075343_SO2_column_number_density,20200728T055005_20200803T080756_SO2_column_number_density,20200728T073135_20200803T090154_SO2_column_number_density,20200728T091304_20200803T080205_SO2_column_number_density,20200728T105434_20200803T081759_SO2_column_number_density,20200728T123604_20200803T092428_SO2_column_number_density,20200728T141733_20200803T081248_SO2_column_number_density,20200728T155903_20200803T080629_SO2_column_number_density,20200728T174032_20200803T091139_SO2_column_number_density,20200728T192202_20200803T092219_SO2_column_number_density,20200728T210331_20200803T085714_SO2_column_number_density,20200728T224501_20200803T080034_SO2_column_number_density,20200729T002630_20200804T013657_SO2_column_number_density,20200729T020800_20200804T004543_SO2_column_number_density,20200729T034929_20200804T012119_SO2_column_number_density,20200729T053059_20200804T013343_SO2_column_number_density,20200729T071229_20200804T004839_SO2_column_number_density,20200729T085358_20200804T010934_SO2_column_number_density,20200729T103528_20200804T010754_SO2_column_number_density,20200729T121657_20200804T020320_SO2_column_number_density,20200729T135827_20200804T020724_SO2_column_number_density,20200729T153956_20200804T010303_SO2_column_number_density,20200729T172126_20200804T020252_SO2_column_number_density,20200729T190255_20200804T013202_SO2_column_number_density,20200729T204425_20200804T020828_SO2_column_number_density,20200729T222555_20200804T012233_SO2_column_number_density,20200730T000724_20200804T181242_SO2_column_number_density,20200730T014854_20200804T173233_SO2_column_number_density,20200730T033023_20200804T174833_SO2_column_number_density,20200730T051153_20200804T175416_SO2_column_number_density,20200730T065322_20200804T174725_SO2_column_number_density,20200730T083452_20200804T175553_SO2_column_number_density,20200730T101621_20200804T183612_SO2_column_number_density,20200730T115751_20200804T180843_SO2_column_number_density,20200730T133921_20200804T183648_SO2_column_number_density,20200730T152050_20200804T183244_SO2_column_number_density,20200730T170219_20200804T190854_SO2_column_number_density,20200730T184349_20200804T191916_SO2_column_number_density,20200730T202519_20200804T194822_SO2_column_number_density,20200730T220648_20200804T174208_SO2_column_number_density,system:index,Maille,grid_name
,,,,,,,,,,,,,,,,,,,,,,,,,,,,,,,,-1.9556934346487875E-4,,,,,,,,,,,,,,,,,,,,,,,,,,,,,,,,,,,,,,,,,,,,,,,,,,,,,,,,,,,,,,,,,,,,,,,,,,,,,,,,,,,,,,,,,,,,,,,,,,,-8.975755430153784E-5,,,,,,,,,,,,,,3.357286326272447E-5,,,,,,,,,,,,,,-3.7581500004493685E-6,,,,,,,,,,,,,,,,,,,,,,,,,,,,-2.5318077013183774E-4,,,,,,,,,,,,,,-2.3371721566057898E-5,,,,,,,,,,0,0,grids_rajahmundry
