20200831T234521_20200902T162156_tropospheric_HCHO_column_number_density,20200901T012650_20200902T181801_tropospheric_HCHO_column_number_density,20200901T030820_20200902T200426_tropospheric_HCHO_column_number_density,20200901T044949_20200902T215545_tropospheric_HCHO_column_number_density,20200901T063118_20200902T232934_tropospheric_HCHO_column_number_density,20200901T081248_20200903T012053_tropospheric_HCHO_column_number_density,20200901T095418_20200903T032104_tropospheric_HCHO_column_number_density,20200901T113547_20200903T044535_tropospheric_HCHO_column_number_density,20200901T131716_20200903T064143_tropospheric_HCHO_column_number_density,20200901T145846_20200903T073948_tropospheric_HCHO_column_number_density,20200901T164015_20200903T095007_tropospheric_HCHO_column_number_density,20200901T182145_20200903T113931_tropospheric_HCHO_column_number_density,20200901T200314_20200903T130110_tropospheric_HCHO_column_number_density,20200901T214444_20200903T143319_tropospheric_HCHO_column_number_density,20200901T232613_20200903T160922_tropospheric_HCHO_column_number_density,20200902T010743_20200903T175734_tropospheric_HCHO_column_number_density,20200902T024912_20200903T193321_tropospheric_HCHO_column_number_density,20200902T043041_20200903T211715_tropospheric_HCHO_column_number_density,20200902T061211_20200903T232456_tropospheric_HCHO_column_number_density,20200902T075340_20200904T010118_tropospheric_HCHO_column_number_density,20200902T093510_20200904T024001_tropospheric_HCHO_column_number_density,20200902T111639_20200904T044053_tropospheric_HCHO_column_number_density,20200902T125809_20200904T060936_tropospheric_HCHO_column_number_density,20200902T143938_20200904T073439_tropospheric_HCHO_column_number_density,20200902T162108_20200904T091804_tropospheric_HCHO_column_number_density,20200902T180237_20200904T111214_tropospheric_HCHO_column_number_density,20200902T194407_20200904T125040_tropospheric_HCHO_column_number_density,20200902T212536_20200904T142316_tropospheric_HCHO_column_number_density,20200902T230706_20200904T154452_tropospheric_HCHO_column_number_density,20200903T004835_20200904T173855_tropospheric_HCHO_column_number_density,20200903T023004_20200904T190105_tropospheric_HCHO_column_number_density,20200903T041134_20200904T204902_tropospheric_HCHO_column_number_density,20200903T055303_20200904T230254_tropospheric_HCHO_column_number_density,20200903T073433_20200905T003201_tropospheric_HCHO_column_number_density,20200903T091602_20200905T022704_tropospheric_HCHO_column_number_density,20200903T105732_20200905T041514_tropospheric_HCHO_column_number_density,20200903T123901_20200905T053824_tropospheric_HCHO_column_number_density,20200903T142031_20200905T071022_tropospheric_HCHO_column_number_density,20200903T160200_20200905T085624_tropospheric_HCHO_column_number_density,20200903T174330_20200905T105132_tropospheric_HCHO_column_number_density,20200903T192459_20200905T124928_tropospheric_HCHO_column_number_density,20200903T210629_20200905T140456_tropospheric_HCHO_column_number_density,20200903T224758_20200905T152424_tropospheric_HCHO_column_number_density,20200904T002927_20200905T165822_tropospheric_HCHO_column_number_density,20200904T021057_20200905T185307_tropospheric_HCHO_column_number_density,20200904T035226_20200905T205017_tropospheric_HCHO_column_number_density,20200904T053356_20200905T223928_tropospheric_HCHO_column_number_density,20200904T071525_20200905T235741_tropospheric_HCHO_column_number_density,20200904T085655_20200906T021020_tropospheric_HCHO_column_number_density,20200904T103824_20200906T040553_tropospheric_HCHO_column_number_density,20200904T121954_20200906T052747_tropospheric_HCHO_column_number_density,20200904T140123_20200906T070129_tropospheric_HCHO_column_number_density,20200904T154252_20200906T082741_tropospheric_HCHO_column_number_density,20200904T172422_20200906T104521_tropospheric_HCHO_column_number_density,20200904T190551_20200906T122146_tropospheric_HCHO_column_number_density,20200904T204721_20200906T140151_tropospheric_HCHO_column_number_density,20200904T222850_20200906T145815_tropospheric_HCHO_column_number_density,20200905T001020_20200906T171540_tropospheric_HCHO_column_number_density,20200905T015149_20200906T184547_tropospheric_HCHO_column_number_density,20200905T033319_20200906T201437_tropospheric_HCHO_column_number_density,20200905T051448_20200906T215400_tropospheric_HCHO_column_number_density,20200905T065618_20200906T234701_tropospheric_HCHO_column_number_density,20200905T083747_20200907T014526_tropospheric_HCHO_column_number_density,20200905T101917_20200907T040312_tropospheric_HCHO_column_number_density,20200905T120046_20200907T050745_tropospheric_HCHO_column_number_density,20200905T134215_20200907T065559_tropospheric_HCHO_column_number_density,20200905T152345_20200907T081350_tropospheric_HCHO_column_number_density,20200905T170514_20200907T101251_tropospheric_HCHO_column_number_density,20200905T184644_20200907T115652_tropospheric_HCHO_column_number_density,20200905T202813_20200907T135315_tropospheric_HCHO_column_number_density,20200905T220943_20200907T144103_tropospheric_HCHO_column_number_density,20200905T235112_20200907T164502_tropospheric_HCHO_column_number_density,20200906T013242_20200907T181959_tropospheric_HCHO_column_number_density,20200906T031411_20200907T195932_tropospheric_HCHO_column_number_density,20200906T045540_20200907T213435_tropospheric_HCHO_column_number_density,20200906T063710_20200907T234246_tropospheric_HCHO_column_number_density,20200906T081839_20200908T013943_tropospheric_HCHO_column_number_density,20200906T100009_20200908T031850_tropospheric_HCHO_column_number_density,20200906T114138_20200908T045830_tropospheric_HCHO_column_number_density,20200906T132308_20200908T065531_tropospheric_HCHO_column_number_density,20200906T150437_20200908T075855_tropospheric_HCHO_column_number_density,20200906T164606_20200908T094437_tropospheric_HCHO_column_number_density,20200906T182736_20200908T113209_tropospheric_HCHO_column_number_density,20200906T200905_20200908T131716_tropospheric_HCHO_column_number_density,20200906T215035_20200908T142304_tropospheric_HCHO_column_number_density,20200906T233204_20200908T161815_tropospheric_HCHO_column_number_density,20200907T011334_20200908T180047_tropospheric_HCHO_column_number_density,20200907T025503_20200908T192735_tropospheric_HCHO_column_number_density,20200907T043633_20200908T211919_tropospheric_HCHO_column_number_density,20200907T061802_20200908T232351_tropospheric_HCHO_column_number_density,20200907T075932_20200909T013026_tropospheric_HCHO_column_number_density,20200907T094101_20200909T030702_tropospheric_HCHO_column_number_density,20200907T112231_20200909T043630_tropospheric_HCHO_column_number_density,20200907T130400_20200909T061739_tropospheric_HCHO_column_number_density,20200907T144529_20200909T073422_tropospheric_HCHO_column_number_density,20200907T162659_20200909T092052_tropospheric_HCHO_column_number_density,20200907T180828_20200909T110546_tropospheric_HCHO_column_number_density,20200907T194958_20200909T130831_tropospheric_HCHO_column_number_density,20200907T213127_20200909T142623_tropospheric_HCHO_column_number_density,20200907T231257_20200910T143346_tropospheric_HCHO_column_number_density,20200908T005426_20200910T133645_tropospheric_HCHO_column_number_density,20200908T023555_20200910T134626_tropospheric_HCHO_column_number_density,20200908T041725_20200910T134233_tropospheric_HCHO_column_number_density,20200908T055854_20200910T134904_tropospheric_HCHO_column_number_density,20200908T074024_20200910T141029_tropospheric_HCHO_column_number_density,20200908T092153_20200910T140520_tropospheric_HCHO_column_number_density,20200908T110323_20200910T140903_tropospheric_HCHO_column_number_density,20200908T124452_20200910T144328_tropospheric_HCHO_column_number_density,20200908T142622_20200910T135131_tropospheric_HCHO_column_number_density,20200908T160751_20200910T140237_tropospheric_HCHO_column_number_density,20200908T174920_20200910T135724_tropospheric_HCHO_column_number_density,20200908T193050_20200910T141818_tropospheric_HCHO_column_number_density,20200908T211219_20200910T150105_tropospheric_HCHO_column_number_density,20200908T225349_20200910T151841_tropospheric_HCHO_column_number_density,20200909T003518_20200910T180340_tropospheric_HCHO_column_number_density,20200909T021648_20200910T190331_tropospheric_HCHO_column_number_density,20200909T035817_20200910T205712_tropospheric_HCHO_column_number_density,20200909T053946_20200910T222439_tropospheric_HCHO_column_number_density,20200909T072116_20200911T002122_tropospheric_HCHO_column_number_density,20200909T090245_20200911T021859_tropospheric_HCHO_column_number_density,20200909T104415_20200911T040227_tropospheric_HCHO_column_number_density,20200909T122544_20200911T060157_tropospheric_HCHO_column_number_density,20200909T140714_20200911T071046_tropospheric_HCHO_column_number_density,20200909T154843_20200911T083139_tropospheric_HCHO_column_number_density,20200909T173012_20200911T100819_tropospheric_HCHO_column_number_density,20200909T191142_20200911T123303_tropospheric_HCHO_column_number_density,20200909T205311_20200911T141326_tropospheric_HCHO_column_number_density,20200909T223441_20200911T150647_tropospheric_HCHO_column_number_density,20200910T001610_20200911T170024_tropospheric_HCHO_column_number_density,20200910T015740_20200911T183609_tropospheric_HCHO_column_number_density,20200910T033909_20200911T203836_tropospheric_HCHO_column_number_density,20200910T052038_20200911T215153_tropospheric_HCHO_column_number_density,20200910T070208_20200911T235139_tropospheric_HCHO_column_number_density,20200910T084338_20200912T021140_tropospheric_HCHO_column_number_density,20200910T102507_20200912T034046_tropospheric_HCHO_column_number_density,20200910T120636_20200912T055547_tropospheric_HCHO_column_number_density,20200910T134806_20200912T064716_tropospheric_HCHO_column_number_density,20200910T152935_20200912T082115_tropospheric_HCHO_column_number_density,20200910T171105_20200912T095810_tropospheric_HCHO_column_number_density,20200910T185234_20200912T120636_tropospheric_HCHO_column_number_density,20200910T203403_20200912T135745_tropospheric_HCHO_column_number_density,20200910T221533_20200912T144909_tropospheric_HCHO_column_number_density,20200910T235702_20200912T164328_tropospheric_HCHO_column_number_density,20200911T013832_20200912T180604_tropospheric_HCHO_column_number_density,20200911T032001_20200912T200932_tropospheric_HCHO_column_number_density,20200911T050131_20200912T213938_tropospheric_HCHO_column_number_density,20200911T064300_20200912T233735_tropospheric_HCHO_column_number_density,20200911T082430_20200913T015151_tropospheric_HCHO_column_number_density,20200911T100559_20200913T031906_tropospheric_HCHO_column_number_density,20200911T114728_20200913T052855_tropospheric_HCHO_column_number_density,20200911T132858_20200913T064642_tropospheric_HCHO_column_number_density,20200911T151027_20200913T075114_tropospheric_HCHO_column_number_density,20200911T165157_20200913T095829_tropospheric_HCHO_column_number_density,20200911T183326_20200913T120037_tropospheric_HCHO_column_number_density,20200911T201455_20200913T133223_tropospheric_HCHO_column_number_density,20200911T215625_20200913T143454_tropospheric_HCHO_column_number_density,20200911T233754_20200913T163650_tropospheric_HCHO_column_number_density,20200912T011924_20200913T174814_tropospheric_HCHO_column_number_density,20200912T030053_20200913T193944_tropospheric_HCHO_column_number_density,20200912T044223_20200913T212616_tropospheric_HCHO_column_number_density,20200912T062352_20200913T233359_tropospheric_HCHO_column_number_density,20200912T080522_20200914T012151_tropospheric_HCHO_column_number_density,20200912T094651_20200914T031808_tropospheric_HCHO_column_number_density,20200912T112820_20200914T051623_tropospheric_HCHO_column_number_density,20200912T130950_20200914T062154_tropospheric_HCHO_column_number_density,20200912T145119_20200914T074426_tropospheric_HCHO_column_number_density,20200912T163249_20200914T091227_tropospheric_HCHO_column_number_density,20200912T181418_20200914T112632_tropospheric_HCHO_column_number_density,20200912T195547_20200914T131755_tropospheric_HCHO_column_number_density,20200912T213717_20200914T142222_tropospheric_HCHO_column_number_density,20200912T231846_20200914T160432_tropospheric_HCHO_column_number_density,20200913T010016_20200914T173545_tropospheric_HCHO_column_number_density,20200913T024145_20200914T192453_tropospheric_HCHO_column_number_density,20200913T042315_20200914T211811_tropospheric_HCHO_column_number_density,20200913T060444_20200914T225809_tropospheric_HCHO_column_number_density,20200913T074614_20200915T005418_tropospheric_HCHO_column_number_density,20200913T092743_20200915T024126_tropospheric_HCHO_column_number_density,20200913T110913_20200915T041957_tropospheric_HCHO_column_number_density,20200913T125042_20200915T061607_tropospheric_HCHO_column_number_density,20200913T143211_20200915T071119_tropospheric_HCHO_column_number_density,20200913T161341_20200915T085433_tropospheric_HCHO_column_number_density,20200913T175510_20200915T110848_tropospheric_HCHO_column_number_density,20200913T193639_20200915T130656_tropospheric_HCHO_column_number_density,20200913T211809_20200915T140113_tropospheric_HCHO_column_number_density,20200913T225938_20200915T153810_tropospheric_HCHO_column_number_density,20200914T004108_20200915T173917_tropospheric_HCHO_column_number_density,20200914T022237_20200915T185647_tropospheric_HCHO_column_number_density,20200914T040407_20200915T204734_tropospheric_HCHO_column_number_density,20200914T054536_20200915T223130_tropospheric_HCHO_column_number_density,20200914T072705_20200916T003428_tropospheric_HCHO_column_number_density,20200914T090835_20200916T013747_tropospheric_HCHO_column_number_density,20200914T123134_20200916T024538_tropospheric_HCHO_column_number_density,20200914T141303_20200916T070750_tropospheric_HCHO_column_number_density,20200914T155433_20200916T085147_tropospheric_HCHO_column_number_density,20200914T173602_20200916T101340_tropospheric_HCHO_column_number_density,20200914T191731_20200916T124851_tropospheric_HCHO_column_number_density,20200914T205901_20200916T135554_tropospheric_HCHO_column_number_density,20200914T224030_20200916T152936_tropospheric_HCHO_column_number_density,system:index,Maille,grid_name
,,,,,,,,,,,,,,,,,,,,,,,,,,,,,,,,8.763914719224612E-5,,,,,,,,,,,,,,1.2858924531857182E-4,1.6292222464596044E-4,,,,,,,,,,,,,,1.4572650415218925E-4,,,,,,,,,,,,,,1.0988197549820529E-4,,,,,,,,,,,,,,,,,,,,,,,,,,,,,,,,,,,,,,,,,,,,,,,,,,,,,,,,,,,,,,,,,,,,,,,1.2947676273904584E-4,,,,,,,,,,,,,,-1.4023199572012016E-6,,,,,,,,,,,,,,1.399548151142994E-4,,,,,,,,,,,,,,,,,,,,,,,,0,0,grids_kolkata
