20200601T001519_20200602T164836_tropospheric_HCHO_column_number_density,20200601T015649_20200602T175856_tropospheric_HCHO_column_number_density,20200601T033819_20200602T201621_tropospheric_HCHO_column_number_density,20200601T051949_20200602T221321_tropospheric_HCHO_column_number_density,20200601T070119_20200602T233827_tropospheric_HCHO_column_number_density,20200601T084249_20200603T011717_tropospheric_HCHO_column_number_density,20200601T102419_20200603T032249_tropospheric_HCHO_column_number_density,20200601T120549_20200603T050053_tropospheric_HCHO_column_number_density,20200601T134719_20200603T063311_tropospheric_HCHO_column_number_density,20200601T152849_20200603T081639_tropospheric_HCHO_column_number_density,20200601T171018_20200603T100317_tropospheric_HCHO_column_number_density,20200601T185148_20200603T115227_tropospheric_HCHO_column_number_density,20200601T203319_20200603T130731_tropospheric_HCHO_column_number_density,20200601T221449_20200603T145723_tropospheric_HCHO_column_number_density,20200601T235619_20200603T162045_tropospheric_HCHO_column_number_density,20200602T013748_20200603T175310_tropospheric_HCHO_column_number_density,20200602T031918_20200603T194053_tropospheric_HCHO_column_number_density,20200602T050048_20200603T215119_tropospheric_HCHO_column_number_density,20200602T064218_20200603T233138_tropospheric_HCHO_column_number_density,20200602T082348_20200604T011315_tropospheric_HCHO_column_number_density,20200602T100518_20200604T031326_tropospheric_HCHO_column_number_density,20200602T114648_20200604T050136_tropospheric_HCHO_column_number_density,20200602T132818_20200604T060412_tropospheric_HCHO_column_number_density,20200602T150948_20200604T074700_tropospheric_HCHO_column_number_density,20200602T165118_20200604T093827_tropospheric_HCHO_column_number_density,20200602T183248_20200604T113517_tropospheric_HCHO_column_number_density,20200602T201418_20200604T125031_tropospheric_HCHO_column_number_density,20200602T215548_20200604T142600_tropospheric_HCHO_column_number_density,20200602T233718_20200604T162057_tropospheric_HCHO_column_number_density,20200603T011848_20200604T174221_tropospheric_HCHO_column_number_density,20200603T030018_20200604T191929_tropospheric_HCHO_column_number_density,20200603T044148_20200604T212730_tropospheric_HCHO_column_number_density,20200603T062318_20200604T230119_tropospheric_HCHO_column_number_density,20200603T080448_20200605T005223_tropospheric_HCHO_column_number_density,20200603T094618_20200605T025336_tropospheric_HCHO_column_number_density,20200603T112748_20200605T043318_tropospheric_HCHO_column_number_density,20200603T130918_20200605T060154_tropospheric_HCHO_column_number_density,20200603T145048_20200605T073808_tropospheric_HCHO_column_number_density,20200603T163218_20200605T091838_tropospheric_HCHO_column_number_density,20200603T181348_20200605T110825_tropospheric_HCHO_column_number_density,20200603T195518_20200605T123928_tropospheric_HCHO_column_number_density,20200603T213648_20200605T143117_tropospheric_HCHO_column_number_density,20200603T231818_20200605T154800_tropospheric_HCHO_column_number_density,20200604T005948_20200605T172507_tropospheric_HCHO_column_number_density,20200604T024118_20200605T185845_tropospheric_HCHO_column_number_density,20200604T042248_20200605T210445_tropospheric_HCHO_column_number_density,20200604T060418_20200605T225101_tropospheric_HCHO_column_number_density,20200604T074548_20200606T003342_tropospheric_HCHO_column_number_density,20200604T092718_20200606T023426_tropospheric_HCHO_column_number_density,20200604T110848_20200606T042619_tropospheric_HCHO_column_number_density,20200604T125018_20200606T053714_tropospheric_HCHO_column_number_density,20200604T143147_20200606T072524_tropospheric_HCHO_column_number_density,20200604T161317_20200606T084748_tropospheric_HCHO_column_number_density,20200604T175447_20200606T104509_tropospheric_HCHO_column_number_density,20200604T193617_20200606T122718_tropospheric_HCHO_column_number_density,20200604T211747_20200606T142214_tropospheric_HCHO_column_number_density,20200604T225917_20200606T153023_tropospheric_HCHO_column_number_density,20200605T004047_20200606T165602_tropospheric_HCHO_column_number_density,20200605T022217_20200606T185517_tropospheric_HCHO_column_number_density,20200605T040347_20200606T204608_tropospheric_HCHO_column_number_density,20200605T054517_20200606T222212_tropospheric_HCHO_column_number_density,20200605T072647_20200607T001647_tropospheric_HCHO_column_number_density,20200605T090817_20200607T015938_tropospheric_HCHO_column_number_density,20200605T104947_20200607T035948_tropospheric_HCHO_column_number_density,20200605T123117_20200607T053434_tropospheric_HCHO_column_number_density,20200605T141247_20200607T065018_tropospheric_HCHO_column_number_density,20200605T155417_20200607T083002_tropospheric_HCHO_column_number_density,20200605T173547_20200607T101038_tropospheric_HCHO_column_number_density,20200605T191717_20200607T121438_tropospheric_HCHO_column_number_density,20200605T205847_20200607T135315_tropospheric_HCHO_column_number_density,20200605T224017_20200607T150644_tropospheric_HCHO_column_number_density,20200606T002147_20200607T162934_tropospheric_HCHO_column_number_density,20200606T020317_20200607T183708_tropospheric_HCHO_column_number_density,20200606T034446_20200607T203727_tropospheric_HCHO_column_number_density,20200606T052616_20200607T215556_tropospheric_HCHO_column_number_density,20200606T070746_20200607T234433_tropospheric_HCHO_column_number_density,20200606T084916_20200608T014419_tropospheric_HCHO_column_number_density,20200606T103046_20200608T032924_tropospheric_HCHO_column_number_density,20200606T121216_20200608T051607_tropospheric_HCHO_column_number_density,20200606T135346_20200608T064057_tropospheric_HCHO_column_number_density,20200606T153516_20200608T080857_tropospheric_HCHO_column_number_density,20200606T171646_20200608T095420_tropospheric_HCHO_column_number_density,20200606T185816_20200608T114506_tropospheric_HCHO_column_number_density,20200606T203946_20200608T134949_tropospheric_HCHO_column_number_density,20200606T222116_20200608T150414_tropospheric_HCHO_column_number_density,20200607T000246_20200608T163936_tropospheric_HCHO_column_number_density,20200607T014416_20200608T181009_tropospheric_HCHO_column_number_density,20200607T032546_20200608T195543_tropospheric_HCHO_column_number_density,20200607T050716_20200608T213013_tropospheric_HCHO_column_number_density,20200607T064846_20200608T233232_tropospheric_HCHO_column_number_density,20200607T083016_20200609T012752_tropospheric_HCHO_column_number_density,20200607T101146_20200609T030657_tropospheric_HCHO_column_number_density,20200607T115316_20200609T050346_tropospheric_HCHO_column_number_density,20200607T133445_20200609T061817_tropospheric_HCHO_column_number_density,20200607T151615_20200609T075647_tropospheric_HCHO_column_number_density,20200607T165745_20200609T093245_tropospheric_HCHO_column_number_density,20200607T183915_20200609T113413_tropospheric_HCHO_column_number_density,20200607T202045_20200609T130626_tropospheric_HCHO_column_number_density,20200607T220215_20200609T142853_tropospheric_HCHO_column_number_density,20200607T234345_20200609T161139_tropospheric_HCHO_column_number_density,20200608T012515_20200609T174410_tropospheric_HCHO_column_number_density,20200608T030645_20200609T192447_tropospheric_HCHO_column_number_density,20200608T044815_20200609T211636_tropospheric_HCHO_column_number_density,20200608T062945_20200609T230342_tropospheric_HCHO_column_number_density,20200608T081115_20200610T011559_tropospheric_HCHO_column_number_density,20200608T095245_20200610T024635_tropospheric_HCHO_column_number_density,20200608T113415_20200610T043805_tropospheric_HCHO_column_number_density,20200608T131544_20200610T060131_tropospheric_HCHO_column_number_density,20200608T145714_20200610T074104_tropospheric_HCHO_column_number_density,20200608T163844_20200610T091728_tropospheric_HCHO_column_number_density,20200608T182014_20200610T105929_tropospheric_HCHO_column_number_density,20200608T200144_20200610T124524_tropospheric_HCHO_column_number_density,20200608T214314_20200610T141254_tropospheric_HCHO_column_number_density,20200608T232444_20200610T160034_tropospheric_HCHO_column_number_density,20200609T010614_20200610T173944_tropospheric_HCHO_column_number_density,20200609T024744_20200610T191046_tropospheric_HCHO_column_number_density,20200609T042914_20200610T205639_tropospheric_HCHO_column_number_density,20200609T061044_20200610T224407_tropospheric_HCHO_column_number_density,20200609T075214_20200611T003700_tropospheric_HCHO_column_number_density,20200609T093344_20200611T023050_tropospheric_HCHO_column_number_density,20200609T111514_20200611T040934_tropospheric_HCHO_column_number_density,20200609T125643_20200611T054857_tropospheric_HCHO_column_number_density,20200609T143813_20200611T071325_tropospheric_HCHO_column_number_density,20200609T161943_20200611T090440_tropospheric_HCHO_column_number_density,20200609T180113_20200611T104017_tropospheric_HCHO_column_number_density,20200609T194243_20200611T122214_tropospheric_HCHO_column_number_density,20200609T212413_20200613T115536_tropospheric_HCHO_column_number_density,20200609T230543_20200611T154125_tropospheric_HCHO_column_number_density,20200610T004713_20200611T172816_tropospheric_HCHO_column_number_density,20200610T022843_20200611T185353_tropospheric_HCHO_column_number_density,20200610T041013_20200611T204314_tropospheric_HCHO_column_number_density,20200610T055142_20200611T221402_tropospheric_HCHO_column_number_density,20200610T073312_20200612T002551_tropospheric_HCHO_column_number_density,20200610T091442_20200612T020929_tropospheric_HCHO_column_number_density,20200610T105612_20200612T034051_tropospheric_HCHO_column_number_density,20200610T123742_20200612T054124_tropospheric_HCHO_column_number_density,20200610T141912_20200612T064958_tropospheric_HCHO_column_number_density,20200610T160042_20200612T082607_tropospheric_HCHO_column_number_density,20200610T174212_20200612T102628_tropospheric_HCHO_column_number_density,20200610T192342_20200612T115736_tropospheric_HCHO_column_number_density,20200610T210512_20200613T115651_tropospheric_HCHO_column_number_density,20200610T224642_20200613T115747_tropospheric_HCHO_column_number_density,20200611T002812_20200612T171039_tropospheric_HCHO_column_number_density,20200611T020942_20200612T184009_tropospheric_HCHO_column_number_density,20200611T035111_20200612T202114_tropospheric_HCHO_column_number_density,20200611T053241_20200612T220915_tropospheric_HCHO_column_number_density,20200611T071411_20200613T000301_tropospheric_HCHO_column_number_density,20200611T085541_20200613T013312_tropospheric_HCHO_column_number_density,20200611T103711_20200613T030525_tropospheric_HCHO_column_number_density,20200611T121841_20200613T051847_tropospheric_HCHO_column_number_density,20200611T140011_20200613T062933_tropospheric_HCHO_column_number_density,20200611T154141_20200613T075437_tropospheric_HCHO_column_number_density,20200611T172311_20200613T101136_tropospheric_HCHO_column_number_density,20200611T190440_20200613T114222_tropospheric_HCHO_column_number_density,20200611T204610_20200613T132625_tropospheric_HCHO_column_number_density,20200611T222740_20200613T144757_tropospheric_HCHO_column_number_density,20200612T000910_20200613T164823_tropospheric_HCHO_column_number_density,20200612T015040_20200613T180829_tropospheric_HCHO_column_number_density,20200612T033210_20200613T200653_tropospheric_HCHO_column_number_density,20200612T051340_20200614T085532_tropospheric_HCHO_column_number_density,20200612T065510_20200614T085626_tropospheric_HCHO_column_number_density,20200612T083640_20200614T085724_tropospheric_HCHO_column_number_density,20200612T101810_20200614T085832_tropospheric_HCHO_column_number_density,20200612T115940_20200614T085855_tropospheric_HCHO_column_number_density,20200612T134109_20200614T061959_tropospheric_HCHO_column_number_density,20200612T152239_20200614T073807_tropospheric_HCHO_column_number_density,20200612T170409_20200614T095408_tropospheric_HCHO_column_number_density,20200612T184539_20200614T113845_tropospheric_HCHO_column_number_density,20200612T202709_20200614T130850_tropospheric_HCHO_column_number_density,20200612T220839_20200614T152652_tropospheric_HCHO_column_number_density,20200612T235009_20200614T161343_tropospheric_HCHO_column_number_density,20200613T013139_20200615T094441_tropospheric_HCHO_column_number_density,20200613T031308_20200614T194112_tropospheric_HCHO_column_number_density,20200613T045438_20200614T212025_tropospheric_HCHO_column_number_density,20200613T063608_20200614T231039_tropospheric_HCHO_column_number_density,20200613T081738_20200615T004935_tropospheric_HCHO_column_number_density,20200613T095908_20200615T025705_tropospheric_HCHO_column_number_density,20200613T114038_20200615T050624_tropospheric_HCHO_column_number_density,20200613T132208_20200615T061313_tropospheric_HCHO_column_number_density,20200613T150338_20200615T073011_tropospheric_HCHO_column_number_density,20200613T164507_20200615T092307_tropospheric_HCHO_column_number_density,20200613T182637_20200615T112907_tropospheric_HCHO_column_number_density,20200613T200807_20200615T123257_tropospheric_HCHO_column_number_density,20200613T214937_20200615T141132_tropospheric_HCHO_column_number_density,20200613T233107_20200615T161241_tropospheric_HCHO_column_number_density,20200614T011237_20200615T174231_tropospheric_HCHO_column_number_density,20200614T025407_20200615T190502_tropospheric_HCHO_column_number_density,20200614T043537_20200615T210337_tropospheric_HCHO_column_number_density,20200614T061707_20200615T224922_tropospheric_HCHO_column_number_density,20200614T075837_20200616T003906_tropospheric_HCHO_column_number_density,20200614T094006_20200616T023427_tropospheric_HCHO_column_number_density,20200614T112136_20200616T042646_tropospheric_HCHO_column_number_density,20200614T130306_20200616T060344_tropospheric_HCHO_column_number_density,20200614T144436_20200616T071513_tropospheric_HCHO_column_number_density,20200614T162606_20200616T091824_tropospheric_HCHO_column_number_density,20200614T180736_20200616T111506_tropospheric_HCHO_column_number_density,20200614T194906_20200616T122015_tropospheric_HCHO_column_number_density,20200614T213036_20200616T141355_tropospheric_HCHO_column_number_density,20200614T231205_20200616T154244_tropospheric_HCHO_column_number_density,system:index,Maille,grid_name
,,,,,,,,,,,,,,,,,,,,,,,,,,,,,,,,,,,,,,,,,,,,,,,,,,,,,,,,,,,,,1.134906819998429E-4,,,,,,,,,,,,,,1.410016821196729E-4,,,,,,,,,,,,,,9.61434951996957E-5,,,,,,,,,,,,,,,2.6203902996713295E-5,,,,,,,,,,,,,,1.3352822495404348E-4,,,,,,,,,,,,,,1.3399113772881332E-4,,,,,,,,,,,,,,1.5792543274338792E-4,,,,,,,,,,,,,,,,,,,,,,,,,,,,,,,,,,,,,,,,,,,,,,,,,,,,,0,0,grids_pune
