20210216T003021_20210217T173220_tropospheric_HCHO_column_number_density,20210216T021151_20210217T190445_tropospheric_HCHO_column_number_density,20210216T035321_20210217T211518_tropospheric_HCHO_column_number_density,20210216T053452_20210217T232238_tropospheric_HCHO_column_number_density,20210216T071622_20210218T010945_tropospheric_HCHO_column_number_density,20210216T085752_20210218T022849_tropospheric_HCHO_column_number_density,20210216T103923_20210218T041946_tropospheric_HCHO_column_number_density,20210216T122053_20210218T060558_tropospheric_HCHO_column_number_density,20210216T140223_20210218T071349_tropospheric_HCHO_column_number_density,20210216T154353_20210218T085757_tropospheric_HCHO_column_number_density,20210216T172524_20210218T105501_tropospheric_HCHO_column_number_density,20210216T190654_20210218T123432_tropospheric_HCHO_column_number_density,20210216T204824_20210218T152730_tropospheric_HCHO_column_number_density,20210216T222955_20210218T153639_tropospheric_HCHO_column_number_density,20210217T001125_20210218T171034_tropospheric_HCHO_column_number_density,20210217T015255_20210218T184530_tropospheric_HCHO_column_number_density,20210217T033426_20210218T210927_tropospheric_HCHO_column_number_density,20210217T051556_20210218T225345_tropospheric_HCHO_column_number_density,20210217T065726_20210219T003547_tropospheric_HCHO_column_number_density,20210217T083857_20210219T020633_tropospheric_HCHO_column_number_density,20210217T102027_20210219T041207_tropospheric_HCHO_column_number_density,20210217T120157_20210219T054459_tropospheric_HCHO_column_number_density,20210217T134327_20210219T064905_tropospheric_HCHO_column_number_density,20210217T152458_20210219T083201_tropospheric_HCHO_column_number_density,20210217T170628_20210219T104050_tropospheric_HCHO_column_number_density,20210217T184758_20210219T121230_tropospheric_HCHO_column_number_density,20210217T202929_20210219T134746_tropospheric_HCHO_column_number_density,20210217T221059_20210219T150821_tropospheric_HCHO_column_number_density,20210217T235229_20210219T171255_tropospheric_HCHO_column_number_density,20210218T013400_20210219T183438_tropospheric_HCHO_column_number_density,20210218T031530_20210219T201700_tropospheric_HCHO_column_number_density,20210218T045700_20210219T221716_tropospheric_HCHO_column_number_density,20210218T063830_20210220T001425_tropospheric_HCHO_column_number_density,20210218T082001_20210220T013029_tropospheric_HCHO_column_number_density,20210218T100131_20210220T035125_tropospheric_HCHO_column_number_density,20210218T114302_20210220T052448_tropospheric_HCHO_column_number_density,20210218T132432_20210220T063547_tropospheric_HCHO_column_number_density,20210218T150602_20210220T083914_tropospheric_HCHO_column_number_density,20210218T164732_20210220T104225_tropospheric_HCHO_column_number_density,20210218T182903_20210220T115259_tropospheric_HCHO_column_number_density,20210218T201033_20210220T132625_tropospheric_HCHO_column_number_density,20210218T215203_20210220T145551_tropospheric_HCHO_column_number_density,20210218T233334_20210220T172758_tropospheric_HCHO_column_number_density,20210219T011504_20210220T180535_tropospheric_HCHO_column_number_density,20210219T025634_20210220T195901_tropospheric_HCHO_column_number_density,20210219T043804_20210220T221844_tropospheric_HCHO_column_number_density,20210219T061935_20210220T234540_tropospheric_HCHO_column_number_density,20210219T080105_20210221T011835_tropospheric_HCHO_column_number_density,20210219T094236_20210221T032610_tropospheric_HCHO_column_number_density,20210219T112406_20210221T050615_tropospheric_HCHO_column_number_density,20210219T130536_20210221T064145_tropospheric_HCHO_column_number_density,20210219T144706_20210221T081123_tropospheric_HCHO_column_number_density,20210219T162837_20210221T100142_tropospheric_HCHO_column_number_density,20210219T181007_20210221T113914_tropospheric_HCHO_column_number_density,20210219T195137_20210221T131411_tropospheric_HCHO_column_number_density,20210219T213308_20210221T143854_tropospheric_HCHO_column_number_density,20210219T231438_20210221T160358_tropospheric_HCHO_column_number_density,20210220T005608_20210221T175811_tropospheric_HCHO_column_number_density,20210220T023739_20210221T195451_tropospheric_HCHO_column_number_density,20210220T041909_20210221T220342_tropospheric_HCHO_column_number_density,20210220T060039_20210222T000421_tropospheric_HCHO_column_number_density,20210220T074210_20210222T012800_tropospheric_HCHO_column_number_density,20210220T092340_20210222T024516_tropospheric_HCHO_column_number_density,20210220T110510_20210222T043349_tropospheric_HCHO_column_number_density,20210220T124641_20210222T062505_tropospheric_HCHO_column_number_density,20210220T142811_20210222T074652_tropospheric_HCHO_column_number_density,20210220T160941_20210222T094221_tropospheric_HCHO_column_number_density,20210220T175111_20210222T111952_tropospheric_HCHO_column_number_density,20210220T193242_20210222T130401_tropospheric_HCHO_column_number_density,20210220T211412_20210222T142555_tropospheric_HCHO_column_number_density,20210220T225543_20210222T154941_tropospheric_HCHO_column_number_density,20210221T003713_20210222T175124_tropospheric_HCHO_column_number_density,20210221T021843_20210222T192220_tropospheric_HCHO_column_number_density,20210221T040013_20210222T214018_tropospheric_HCHO_column_number_density,20210221T054144_20210222T234314_tropospheric_HCHO_column_number_density,20210221T072314_20210223T011333_tropospheric_HCHO_column_number_density,20210221T090444_20210223T022812_tropospheric_HCHO_column_number_density,20210221T104615_20210223T041613_tropospheric_HCHO_column_number_density,20210221T122745_20210223T053421_tropospheric_HCHO_column_number_density,20210221T140915_20210223T073811_tropospheric_HCHO_column_number_density,20210221T155046_20210223T093444_tropospheric_HCHO_column_number_density,20210221T173216_20210223T111907_tropospheric_HCHO_column_number_density,20210221T191346_20210223T124820_tropospheric_HCHO_column_number_density,20210221T205517_20210223T143252_tropospheric_HCHO_column_number_density,20210221T223647_20210223T152927_tropospheric_HCHO_column_number_density,20210222T001817_20210223T172729_tropospheric_HCHO_column_number_density,20210222T015948_20210223T190044_tropospheric_HCHO_column_number_density,20210222T034118_20210223T205253_tropospheric_HCHO_column_number_density,20210222T052248_20210223T230249_tropospheric_HCHO_column_number_density,20210222T070419_20210224T004546_tropospheric_HCHO_column_number_density,20210222T084549_20210224T015443_tropospheric_HCHO_column_number_density,20210222T102719_20210224T040029_tropospheric_HCHO_column_number_density,20210222T120850_20210224T054032_tropospheric_HCHO_column_number_density,20210222T135020_20210224T073402_tropospheric_HCHO_column_number_density,20210222T153150_20210224T084944_tropospheric_HCHO_column_number_density,20210222T171321_20210224T110128_tropospheric_HCHO_column_number_density,20210222T185451_20210224T121603_tropospheric_HCHO_column_number_density,20210222T203621_20210224T135240_tropospheric_HCHO_column_number_density,20210222T221752_20210224T150428_tropospheric_HCHO_column_number_density,20210222T235922_20210224T165600_tropospheric_HCHO_column_number_density,20210223T014052_20210224T185452_tropospheric_HCHO_column_number_density,20210223T032223_20210224T203149_tropospheric_HCHO_column_number_density,20210223T050353_20210224T225137_tropospheric_HCHO_column_number_density,20210223T064523_20210225T000631_tropospheric_HCHO_column_number_density,20210223T082654_20210225T013929_tropospheric_HCHO_column_number_density,20210223T100824_20210225T034518_tropospheric_HCHO_column_number_density,20210223T114954_20210225T051832_tropospheric_HCHO_column_number_density,20210223T133125_20210225T071627_tropospheric_HCHO_column_number_density,20210223T151255_20210225T081305_tropospheric_HCHO_column_number_density,20210223T165425_20210225T103438_tropospheric_HCHO_column_number_density,20210223T183555_20210225T120730_tropospheric_HCHO_column_number_density,20210223T201726_20210225T134054_tropospheric_HCHO_column_number_density,20210223T215856_20210225T145758_tropospheric_HCHO_column_number_density,20210223T234027_20210225T165321_tropospheric_HCHO_column_number_density,20210224T012157_20210225T182444_tropospheric_HCHO_column_number_density,20210224T030327_20210225T201544_tropospheric_HCHO_column_number_density,20210224T044457_20210225T222308_tropospheric_HCHO_column_number_density,20210224T062628_20210225T235627_tropospheric_HCHO_column_number_density,20210224T080758_20210226T012339_tropospheric_HCHO_column_number_density,20210224T094929_20210226T031259_tropospheric_HCHO_column_number_density,20210224T113059_20210226T050239_tropospheric_HCHO_column_number_density,20210224T131229_20210226T070119_tropospheric_HCHO_column_number_density,20210224T145359_20210226T080407_tropospheric_HCHO_column_number_density,20210224T163530_20210226T094844_tropospheric_HCHO_column_number_density,20210224T181700_20210226T121938_tropospheric_HCHO_column_number_density,20210224T195830_20210226T125645_tropospheric_HCHO_column_number_density,20210224T214001_20210226T145111_tropospheric_HCHO_column_number_density,20210224T232131_20210226T162501_tropospheric_HCHO_column_number_density,20210225T010301_20210226T182336_tropospheric_HCHO_column_number_density,20210225T024432_20210226T194437_tropospheric_HCHO_column_number_density,20210225T042602_20210226T220232_tropospheric_HCHO_column_number_density,20210225T060732_20210226T232718_tropospheric_HCHO_column_number_density,20210225T074903_20210227T005022_tropospheric_HCHO_column_number_density,20210225T093033_20210227T031103_tropospheric_HCHO_column_number_density,20210225T111204_20210227T045930_tropospheric_HCHO_column_number_density,20210225T125334_20210227T063606_tropospheric_HCHO_column_number_density,20210225T143504_20210227T080733_tropospheric_HCHO_column_number_density,20210225T161634_20210227T092540_tropospheric_HCHO_column_number_density,20210225T175805_20210227T114646_tropospheric_HCHO_column_number_density,20210225T193935_20210227T130337_tropospheric_HCHO_column_number_density,20210225T212105_20210227T142909_tropospheric_HCHO_column_number_density,20210225T230236_20210227T171337_tropospheric_HCHO_column_number_density,20210226T004406_20210227T181612_tropospheric_HCHO_column_number_density,20210226T022536_20210227T194351_tropospheric_HCHO_column_number_density,20210226T040707_20210227T213353_tropospheric_HCHO_column_number_density,20210226T054837_20210227T233636_tropospheric_HCHO_column_number_density,20210226T073007_20210228T010929_tropospheric_HCHO_column_number_density,20210226T091138_20210228T022851_tropospheric_HCHO_column_number_density,20210226T105308_20210228T041756_tropospheric_HCHO_column_number_density,20210226T123439_20210228T060711_tropospheric_HCHO_column_number_density,20210226T141609_20210228T071848_tropospheric_HCHO_column_number_density,20210226T155739_20210228T090514_tropospheric_HCHO_column_number_density,20210226T173909_20210228T104948_tropospheric_HCHO_column_number_density,20210226T192040_20210228T123528_tropospheric_HCHO_column_number_density,20210226T210210_20210228T141437_tropospheric_HCHO_column_number_density,20210226T224341_20210228T155433_tropospheric_HCHO_column_number_density,20210227T002511_20210228T172857_tropospheric_HCHO_column_number_density,20210227T020641_20210228T185147_tropospheric_HCHO_column_number_density,20210227T034812_20210228T205501_tropospheric_HCHO_column_number_density,20210227T052942_20210228T225913_tropospheric_HCHO_column_number_density,20210227T071112_20210301T002820_tropospheric_HCHO_column_number_density,20210227T085243_20210301T015953_tropospheric_HCHO_column_number_density,20210227T103413_20210301T040915_tropospheric_HCHO_column_number_density,20210227T121543_20210301T060250_tropospheric_HCHO_column_number_density,20210227T135714_20210301T071947_tropospheric_HCHO_column_number_density,20210227T153844_20210301T085414_tropospheric_HCHO_column_number_density,20210227T172014_20210301T104753_tropospheric_HCHO_column_number_density,20210227T190145_20210301T124727_tropospheric_HCHO_column_number_density,20210227T204315_20210301T141557_tropospheric_HCHO_column_number_density,20210227T222445_20210301T155050_tropospheric_HCHO_column_number_density,system:index,Maille,grid_name
,,,,2.831103181977207E-4,,,,,,,,,,,,,,2.727446367405898E-4,,,,,,,,,,,,,,,,,,,,,,,,,,,,,2.854123672387996E-4,,,,,,,,,,,,,,1.5301823098927303E-4,,,,,,,,,,,,,,2.57470194985456E-4,,,,,,,,,,,,,,2.951217051393916E-4,,,,,,,,,,,,,,,,,,,,,,,,,,,,,,,,,,,,,,,,,,,1.6738797261058359E-4,,,,,,,,,,,,,,1.7896885207652246E-4,,,,,,,,,,,,,,2.0341724678392842E-4,,,,,,,,,,0,0,grids_surat
