20200801T011041_20200806T212151_tropospheric_HCHO_column_number_density,20200801T025210_20200806T212448_tropospheric_HCHO_column_number_density,20200801T043340_20200806T211538_tropospheric_HCHO_column_number_density,20200801T061509_20200806T212745_tropospheric_HCHO_column_number_density,20200801T075639_20200806T211137_tropospheric_HCHO_column_number_density,20200801T093809_20200806T204921_tropospheric_HCHO_column_number_density,20200801T111938_20200806T192043_tropospheric_HCHO_column_number_density,20200801T130108_20200806T214231_tropospheric_HCHO_column_number_density,20200801T144237_20200806T220025_tropospheric_HCHO_column_number_density,20200801T162407_20200806T214303_tropospheric_HCHO_column_number_density,20200801T180536_20200806T215010_tropospheric_HCHO_column_number_density,20200801T194706_20200806T220129_tropospheric_HCHO_column_number_density,20200801T212835_20200806T214828_tropospheric_HCHO_column_number_density,20200801T231005_20200806T215437_tropospheric_HCHO_column_number_density,20200802T005134_20200807T135138_tropospheric_HCHO_column_number_density,20200802T023304_20200807T135659_tropospheric_HCHO_column_number_density,20200802T041433_20200807T134421_tropospheric_HCHO_column_number_density,20200802T055603_20200807T135546_tropospheric_HCHO_column_number_density,20200802T073732_20200807T134323_tropospheric_HCHO_column_number_density,20200802T091902_20200807T140929_tropospheric_HCHO_column_number_density,20200802T110032_20200807T141423_tropospheric_HCHO_column_number_density,20200802T124201_20200807T141241_tropospheric_HCHO_column_number_density,20200802T142331_20200807T140111_tropospheric_HCHO_column_number_density,20200802T160500_20200807T141601_tropospheric_HCHO_column_number_density,20200802T174630_20200807T141732_tropospheric_HCHO_column_number_density,20200802T192759_20200807T142151_tropospheric_HCHO_column_number_density,20200802T210929_20200807T141145_tropospheric_HCHO_column_number_density,20200802T225058_20200807T141652_tropospheric_HCHO_column_number_density,20200803T003228_20200808T113149_tropospheric_HCHO_column_number_density,20200803T021357_20200808T114341_tropospheric_HCHO_column_number_density,20200803T035527_20200808T113622_tropospheric_HCHO_column_number_density,20200803T053656_20200808T114903_tropospheric_HCHO_column_number_density,20200803T071826_20200808T113226_tropospheric_HCHO_column_number_density,20200803T085956_20200808T115934_tropospheric_HCHO_column_number_density,20200803T104125_20200808T120933_tropospheric_HCHO_column_number_density,20200803T122255_20200808T120843_tropospheric_HCHO_column_number_density,20200803T140424_20200808T115436_tropospheric_HCHO_column_number_density,20200803T154553_20200808T114406_tropospheric_HCHO_column_number_density,20200803T172723_20200808T120002_tropospheric_HCHO_column_number_density,20200803T190853_20200808T125632_tropospheric_HCHO_column_number_density,20200803T205022_20200808T115826_tropospheric_HCHO_column_number_density,20200803T223152_20200808T115234_tropospheric_HCHO_column_number_density,20200804T001321_20200809T071831_tropospheric_HCHO_column_number_density,20200804T015451_20200809T070038_tropospheric_HCHO_column_number_density,20200804T033620_20200809T072334_tropospheric_HCHO_column_number_density,20200804T051750_20200809T073455_tropospheric_HCHO_column_number_density,20200804T065919_20200809T070512_tropospheric_HCHO_column_number_density,20200804T084049_20200809T073611_tropospheric_HCHO_column_number_density,20200804T102218_20200809T073412_tropospheric_HCHO_column_number_density,20200804T120348_20200809T082112_tropospheric_HCHO_column_number_density,20200804T134517_20200809T073955_tropospheric_HCHO_column_number_density,20200804T152647_20200809T073549_tropospheric_HCHO_column_number_density,20200804T170816_20200809T072246_tropospheric_HCHO_column_number_density,20200804T184946_20200809T073934_tropospheric_HCHO_column_number_density,20200804T203115_20200809T073812_tropospheric_HCHO_column_number_density,20200804T221245_20200809T073701_tropospheric_HCHO_column_number_density,20200804T235414_20200809T072306_tropospheric_HCHO_column_number_density,20200805T013544_20200809T225641_tropospheric_HCHO_column_number_density,20200805T031713_20200809T230815_tropospheric_HCHO_column_number_density,20200805T045843_20200809T231726_tropospheric_HCHO_column_number_density,20200805T064012_20200809T230725_tropospheric_HCHO_column_number_density,20200805T082142_20200809T232408_tropospheric_HCHO_column_number_density,20200805T100312_20200809T233329_tropospheric_HCHO_column_number_density,20200805T114441_20200810T000256_tropospheric_HCHO_column_number_density,20200805T132611_20200809T235013_tropospheric_HCHO_column_number_density,20200805T150740_20200810T000130_tropospheric_HCHO_column_number_density,20200805T164909_20200810T000316_tropospheric_HCHO_column_number_density,20200805T183039_20200809T233622_tropospheric_HCHO_column_number_density,20200805T201209_20200809T234158_tropospheric_HCHO_column_number_density,20200805T215338_20200809T233506_tropospheric_HCHO_column_number_density,20200805T233508_20200809T233226_tropospheric_HCHO_column_number_density,20200806T011637_20200810T155403_tropospheric_HCHO_column_number_density,20200806T025807_20200810T155606_tropospheric_HCHO_column_number_density,20200806T043936_20200810T160657_tropospheric_HCHO_column_number_density,20200806T062106_20200810T160620_tropospheric_HCHO_column_number_density,20200806T080235_20200810T163905_tropospheric_HCHO_column_number_density,20200806T094405_20200810T163257_tropospheric_HCHO_column_number_density,20200806T112534_20200810T164322_tropospheric_HCHO_column_number_density,20200806T130704_20200810T163704_tropospheric_HCHO_column_number_density,20200806T144833_20200810T162343_tropospheric_HCHO_column_number_density,20200806T163003_20200810T161242_tropospheric_HCHO_column_number_density,20200806T181132_20200810T163008_tropospheric_HCHO_column_number_density,20200806T195302_20200810T165241_tropospheric_HCHO_column_number_density,20200806T213431_20200810T164027_tropospheric_HCHO_column_number_density,20200806T231601_20200810T160432_tropospheric_HCHO_column_number_density,20200807T005730_20200811T092918_tropospheric_HCHO_column_number_density,20200807T023900_20200811T090751_tropospheric_HCHO_column_number_density,20200807T042029_20200811T092859_tropospheric_HCHO_column_number_density,20200807T060159_20200811T092706_tropospheric_HCHO_column_number_density,20200807T074328_20200811T094153_tropospheric_HCHO_column_number_density,20200807T092458_20200811T094518_tropospheric_HCHO_column_number_density,20200807T110627_20200811T103011_tropospheric_HCHO_column_number_density,20200807T124757_20200811T100409_tropospheric_HCHO_column_number_density,20200807T142926_20200811T100208_tropospheric_HCHO_column_number_density,20200807T161056_20200811T093347_tropospheric_HCHO_column_number_density,20200807T175225_20200811T094545_tropospheric_HCHO_column_number_density,20200807T193355_20200811T095907_tropospheric_HCHO_column_number_density,20200807T211524_20200811T100252_tropospheric_HCHO_column_number_density,20200807T225654_20200811T095346_tropospheric_HCHO_column_number_density,20200808T003823_20200812T072314_tropospheric_HCHO_column_number_density,20200808T021953_20200812T071305_tropospheric_HCHO_column_number_density,20200808T040122_20200812T075500_tropospheric_HCHO_column_number_density,20200808T054252_20200812T073619_tropospheric_HCHO_column_number_density,20200808T072421_20200812T074739_tropospheric_HCHO_column_number_density,20200808T090551_20200812T080650_tropospheric_HCHO_column_number_density,20200808T104721_20200812T080551_tropospheric_HCHO_column_number_density,20200808T122850_20200812T083747_tropospheric_HCHO_column_number_density,20200808T141019_20200812T075613_tropospheric_HCHO_column_number_density,20200808T155149_20200812T073804_tropospheric_HCHO_column_number_density,20200808T173318_20200812T075428_tropospheric_HCHO_column_number_density,20200808T191448_20200812T080806_tropospheric_HCHO_column_number_density,20200808T205617_20200812T084340_tropospheric_HCHO_column_number_density,20200808T223747_20200812T073541_tropospheric_HCHO_column_number_density,20200809T001916_20200812T230647_tropospheric_HCHO_column_number_density,20200809T020046_20200812T225432_tropospheric_HCHO_column_number_density,20200809T034215_20200812T231553_tropospheric_HCHO_column_number_density,20200809T052345_20200812T231711_tropospheric_HCHO_column_number_density,20200809T070514_20200812T232439_tropospheric_HCHO_column_number_density,20200809T084644_20200812T233013_tropospheric_HCHO_column_number_density,20200809T102813_20200812T234213_tropospheric_HCHO_column_number_density,20200809T120943_20200813T001104_tropospheric_HCHO_column_number_density,20200809T135112_20200812T232955_tropospheric_HCHO_column_number_density,20200809T153242_20200812T232000_tropospheric_HCHO_column_number_density,20200809T171411_20200812T233057_tropospheric_HCHO_column_number_density,20200809T185541_20200812T234729_tropospheric_HCHO_column_number_density,20200809T203710_20200812T234919_tropospheric_HCHO_column_number_density,20200809T221840_20200812T232246_tropospheric_HCHO_column_number_density,20200810T000009_20200813T181639_tropospheric_HCHO_column_number_density,20200810T014139_20200813T181129_tropospheric_HCHO_column_number_density,20200810T032308_20200813T184022_tropospheric_HCHO_column_number_density,20200810T050438_20200813T190330_tropospheric_HCHO_column_number_density,20200810T064607_20200813T185247_tropospheric_HCHO_column_number_density,20200810T082737_20200813T185715_tropospheric_HCHO_column_number_density,20200810T100906_20200813T191925_tropospheric_HCHO_column_number_density,20200810T115036_20200813T190750_tropospheric_HCHO_column_number_density,20200810T133205_20200813T184752_tropospheric_HCHO_column_number_density,20200810T151335_20200813T184133_tropospheric_HCHO_column_number_density,20200810T165504_20200813T184610_tropospheric_HCHO_column_number_density,20200810T183634_20200813T192015_tropospheric_HCHO_column_number_density,20200810T201803_20200813T200314_tropospheric_HCHO_column_number_density,20200810T215933_20200813T185740_tropospheric_HCHO_column_number_density,20200810T234102_20200813T185218_tropospheric_HCHO_column_number_density,20200811T012232_20200814T102437_tropospheric_HCHO_column_number_density,20200811T030401_20200814T103503_tropospheric_HCHO_column_number_density,20200811T044530_20200814T103441_tropospheric_HCHO_column_number_density,20200811T062700_20200814T105750_tropospheric_HCHO_column_number_density,20200811T080830_20200814T104658_tropospheric_HCHO_column_number_density,20200811T094959_20200814T110147_tropospheric_HCHO_column_number_density,20200811T113129_20200814T110827_tropospheric_HCHO_column_number_density,20200811T131258_20200814T111133_tropospheric_HCHO_column_number_density,20200811T145427_20200814T102731_tropospheric_HCHO_column_number_density,20200811T163557_20200814T110407_tropospheric_HCHO_column_number_density,20200811T181726_20200814T115103_tropospheric_HCHO_column_number_density,20200811T195856_20200814T111318_tropospheric_HCHO_column_number_density,20200811T214025_20200814T111157_tropospheric_HCHO_column_number_density,20200811T232155_20200814T110242_tropospheric_HCHO_column_number_density,20200812T010324_20200815T104034_tropospheric_HCHO_column_number_density,20200812T024454_20200815T105044_tropospheric_HCHO_column_number_density,20200812T042623_20200815T111614_tropospheric_HCHO_column_number_density,20200812T060753_20200815T110946_tropospheric_HCHO_column_number_density,20200812T074922_20200815T110509_tropospheric_HCHO_column_number_density,20200812T093052_20200815T112735_tropospheric_HCHO_column_number_density,20200812T111221_20200815T115547_tropospheric_HCHO_column_number_density,20200812T125351_20200815T123559_tropospheric_HCHO_column_number_density,20200812T143520_20200815T115245_tropospheric_HCHO_column_number_density,20200812T161650_20200815T113659_tropospheric_HCHO_column_number_density,20200812T175819_20200815T120325_tropospheric_HCHO_column_number_density,20200812T193949_20200815T121222_tropospheric_HCHO_column_number_density,20200812T212118_20200815T120815_tropospheric_HCHO_column_number_density,20200812T230248_20200815T113722_tropospheric_HCHO_column_number_density,20200813T004417_20200816T115058_tropospheric_HCHO_column_number_density,20200813T022547_20200816T114703_tropospheric_HCHO_column_number_density,20200813T040716_20200816T115310_tropospheric_HCHO_column_number_density,20200813T054845_20200816T120708_tropospheric_HCHO_column_number_density,20200813T073015_20200816T115130_tropospheric_HCHO_column_number_density,20200813T091145_20200816T121957_tropospheric_HCHO_column_number_density,20200813T105314_20200816T121753_tropospheric_HCHO_column_number_density,20200813T123444_20200816T125227_tropospheric_HCHO_column_number_density,20200813T141613_20200816T121047_tropospheric_HCHO_column_number_density,20200813T155742_20200816T115535_tropospheric_HCHO_column_number_density,20200813T173912_20200816T121028_tropospheric_HCHO_column_number_density,20200813T192041_20200816T125722_tropospheric_HCHO_column_number_density,20200813T210211_20200816T121246_tropospheric_HCHO_column_number_density,20200813T224340_20200816T114631_tropospheric_HCHO_column_number_density,20200814T002510_20200817T081458_tropospheric_HCHO_column_number_density,20200814T020639_20200817T082236_tropospheric_HCHO_column_number_density,20200814T034809_20200817T082756_tropospheric_HCHO_column_number_density,20200814T052938_20200817T082405_tropospheric_HCHO_column_number_density,20200814T071108_20200817T083202_tropospheric_HCHO_column_number_density,20200814T085237_20200817T083654_tropospheric_HCHO_column_number_density,20200814T103407_20200817T090845_tropospheric_HCHO_column_number_density,20200814T121536_20200817T091300_tropospheric_HCHO_column_number_density,20200814T135706_20200817T085507_tropospheric_HCHO_column_number_density,20200814T153835_20200817T081959_tropospheric_HCHO_column_number_density,20200814T172004_20200817T083447_tropospheric_HCHO_column_number_density,20200814T190134_20200817T090947_tropospheric_HCHO_column_number_density,20200814T204303_20200817T083627_tropospheric_HCHO_column_number_density,20200814T222433_20200817T082453_tropospheric_HCHO_column_number_density,system:index,Maille,grid_name
,,,,,,,,,,,,,,,,,,2.0354884981591792E-4,,,,,,,,,,,,,,,,,,,,,,,,,,,,9.736570469912331E-5,,,,,,,,,,,,,,,,,,,,,,,,,,,,,,,,,,,,,,,,,,,,,,,,,,,,,,,,,,,,,,,,,,,,,,,,,,,,,,,,,,,,,,,,,,,,,,,,,,,,,,,,,,,,,,,,,,,,,,,,,,,,,,,,,,,,,,,,,,,,,,,,,,,,,,,,0,0,grids_vadodara
