20210416T003038_20210417T171129_O3_column_number_density,20210416T021208_20210417T190144_O3_column_number_density,20210416T035338_20210417T210447_O3_column_number_density,20210416T053509_20210417T225220_O3_column_number_density,20210416T071639_20210418T002554_O3_column_number_density,20210416T085809_20210418T014450_O3_column_number_density,20210416T103940_20210418T040823_O3_column_number_density,20210416T122110_20210418T054429_O3_column_number_density,20210416T140240_20210418T072510_O3_column_number_density,20210416T154411_20210418T090724_O3_column_number_density,20210416T172541_20210418T104545_O3_column_number_density,20210416T190711_20210418T122137_O3_column_number_density,20210416T204841_20210418T135047_O3_column_number_density,20210416T223012_20210418T154120_O3_column_number_density,20210417T001142_20210418T165841_O3_column_number_density,20210417T015312_20210418T185057_O3_column_number_density,20210417T033443_20210418T203956_O3_column_number_density,20210417T051613_20210418T223111_O3_column_number_density,20210417T065743_20210419T001421_O3_column_number_density,20210417T083914_20210419T012703_O3_column_number_density,20210417T102044_20210419T040239_O3_column_number_density,20210417T120214_20210419T053109_O3_column_number_density,20210417T134344_20210419T070858_O3_column_number_density,20210417T152515_20210419T082523_O3_column_number_density,20210417T170645_20210419T103050_O3_column_number_density,20210417T184815_20210419T115837_O3_column_number_density,20210417T202946_20210419T132434_O3_column_number_density,20210417T221116_20210419T151227_O3_column_number_density,20210417T235246_20210419T164104_O3_column_number_density,20210418T013416_20210419T181008_O3_column_number_density,20210418T031547_20210419T202018_O3_column_number_density,20210418T045717_20210419T222623_O3_column_number_density,20210418T063847_20210419T234614_O3_column_number_density,20210418T082018_20210420T010740_O3_column_number_density,20210418T100148_20210420T032028_O3_column_number_density,20210418T114318_20210420T051123_O3_column_number_density,20210418T132449_20210420T064819_O3_column_number_density,20210418T150619_20210420T081732_O3_column_number_density,20210418T164749_20210420T100823_O3_column_number_density,20210418T182919_20210420T113815_O3_column_number_density,20210418T201050_20210420T133539_O3_column_number_density,20210418T215220_20210420T144914_O3_column_number_density,20210418T233350_20210420T164707_O3_column_number_density,20210419T011520_20210420T174851_O3_column_number_density,20210419T025651_20210420T193623_O3_column_number_density,20210419T043821_20210420T215639_O3_column_number_density,20210419T061951_20210420T232711_O3_column_number_density,20210419T080122_20210421T010407_O3_column_number_density,20210419T094252_20210421T024205_O3_column_number_density,20210419T112422_20210421T044912_O3_column_number_density,20210419T130553_20210421T062841_O3_column_number_density,20210419T144723_20210421T074120_O3_column_number_density,20210419T162853_20210421T094504_O3_column_number_density,20210419T181023_20210421T114429_O3_column_number_density,20210419T195154_20210421T130636_O3_column_number_density,20210419T213324_20210421T144713_O3_column_number_density,20210419T231454_20210421T160909_O3_column_number_density,20210420T005624_20210421T173543_O3_column_number_density,20210420T023755_20210421T192150_O3_column_number_density,20210420T041925_20210421T213731_O3_column_number_density,20210420T060055_20210421T231609_O3_column_number_density,20210420T074226_20210422T005631_O3_column_number_density,20210420T092356_20210422T021903_O3_column_number_density,20210420T110526_20210422T044938_O3_column_number_density,20210420T124657_20210422T061807_O3_column_number_density,20210420T142827_20210422T071035_O3_column_number_density,20210420T160957_20210422T090608_O3_column_number_density,20210420T175127_20210422T111737_O3_column_number_density,20210420T193258_20210422T131351_O3_column_number_density,20210420T211428_20210422T140740_O3_column_number_density,20210420T225558_20210422T160340_O3_column_number_density,20210421T003728_20210422T171315_O3_column_number_density,20210421T021859_20210422T185033_O3_column_number_density,20210421T040029_20210422T210715_O3_column_number_density,20210421T054159_20210422T231135_O3_column_number_density,20210421T072329_20210423T002118_O3_column_number_density,20210421T090500_20210423T015951_O3_column_number_density,20210421T104630_20210423T041704_O3_column_number_density,20210421T122800_20210423T053606_O3_column_number_density,20210421T140931_20210423T064901_O3_column_number_density,20210421T155101_20210423T090105_O3_column_number_density,20210421T173231_20210423T105917_O3_column_number_density,20210421T191401_20210423T124602_O3_column_number_density,20210421T205532_20210423T140646_O3_column_number_density,20210421T223702_20210423T152919_O3_column_number_density,20210422T001832_20210423T171218_O3_column_number_density,20210422T020003_20210423T183019_O3_column_number_density,20210422T034133_20210423T210230_O3_column_number_density,20210422T052303_20210423T225421_O3_column_number_density,20210422T070433_20210424T001408_O3_column_number_density,20210422T084604_20210424T014636_O3_column_number_density,20210422T102734_20210424T035243_O3_column_number_density,20210422T120904_20210424T051110_O3_column_number_density,20210422T135034_20210424T064513_O3_column_number_density,20210422T153205_20210424T084111_O3_column_number_density,20210422T171335_20210424T104402_O3_column_number_density,20210422T185505_20210424T122840_O3_column_number_density,20210422T203635_20210424T134344_O3_column_number_density,20210422T221806_20210424T153342_O3_column_number_density,20210422T235936_20210424T163018_O3_column_number_density,20210423T014106_20210424T183023_O3_column_number_density,20210423T032236_20210424T203806_O3_column_number_density,20210423T050407_20210424T222827_O3_column_number_density,20210423T064537_20210425T001102_O3_column_number_density,20210423T082707_20210425T011936_O3_column_number_density,20210423T100838_20210425T033654_O3_column_number_density,20210423T115008_20210425T045520_O3_column_number_density,20210423T133138_20210425T064418_O3_column_number_density,20210423T151308_20210425T085315_O3_column_number_density,20210423T165439_20210425T103255_O3_column_number_density,20210423T183609_20210425T122135_O3_column_number_density,20210423T201739_20210425T134208_O3_column_number_density,20210423T215909_20210425T150606_O3_column_number_density,20210423T234040_20210425T162906_O3_column_number_density,20210424T012210_20210425T181655_O3_column_number_density,20210424T030340_20210425T200556_O3_column_number_density,20210424T044510_20210425T220314_O3_column_number_density,20210424T062641_20210425T234522_O3_column_number_density,20210424T080811_20210426T010259_O3_column_number_density,20210424T094941_20210426T031051_O3_column_number_density,20210424T113112_20210426T044629_O3_column_number_density,20210424T131242_20210426T063421_O3_column_number_density,20210424T145412_20210426T080104_O3_column_number_density,20210424T163542_20210426T100127_O3_column_number_density,20210424T181712_20210426T120416_O3_column_number_density,20210424T195843_20210426T130151_O3_column_number_density,20210424T214013_20210426T144842_O3_column_number_density,20210424T232143_20210426T160717_O3_column_number_density,20210425T010314_20210426T175942_O3_column_number_density,20210425T024444_20210426T193904_O3_column_number_density,20210425T042614_20210426T214147_O3_column_number_density,20210425T060744_20210426T230411_O3_column_number_density,20210425T074915_20210427T010649_O3_column_number_density,20210425T093045_20210427T025635_O3_column_number_density,20210425T111215_20210427T045509_O3_column_number_density,20210425T125345_20210427T055713_O3_column_number_density,20210425T143516_20210427T073423_O3_column_number_density,20210425T161646_20210427T091803_O3_column_number_density,20210425T175816_20210427T111901_O3_column_number_density,20210425T193946_20210427T124118_O3_column_number_density,20210425T212117_20210427T143012_O3_column_number_density,20210425T230247_20210427T155641_O3_column_number_density,20210426T004417_20210427T174705_O3_column_number_density,20210426T022547_20210427T192720_O3_column_number_density,20210426T040718_20210427T212853_O3_column_number_density,20210426T054848_20210427T224120_O3_column_number_density,20210426T073018_20210428T010056_O3_column_number_density,20210426T091148_20210428T021616_O3_column_number_density,20210426T105319_20210428T043728_O3_column_number_density,20210426T123449_20210428T055831_O3_column_number_density,20210426T141619_20210428T071741_O3_column_number_density,20210426T155749_20210428T085611_O3_column_number_density,20210426T173920_20210428T105519_O3_column_number_density,20210426T192050_20210428T123624_O3_column_number_density,20210426T210220_20210428T141048_O3_column_number_density,20210426T224350_20210428T152913_O3_column_number_density,20210427T002521_20210428T171852_O3_column_number_density,20210427T020651_20210428T191958_O3_column_number_density,20210427T034821_20210428T211859_O3_column_number_density,20210427T052951_20210428T222955_O3_column_number_density,20210427T071122_20210429T003039_O3_column_number_density,20210427T085252_20210429T021155_O3_column_number_density,20210427T103422_20210429T040033_O3_column_number_density,20210427T121552_20210429T060146_O3_column_number_density,20210427T135723_20210429T071728_O3_column_number_density,20210427T153853_20210429T083139_O3_column_number_density,20210427T172023_20210429T103526_O3_column_number_density,20210427T190153_20210429T121703_O3_column_number_density,20210427T204323_20210429T140553_O3_column_number_density,20210427T222454_20210429T151115_O3_column_number_density,20210428T000624_20210429T170711_O3_column_number_density,20210428T014754_20210429T190840_O3_column_number_density,20210428T032924_20210429T204106_O3_column_number_density,20210428T051055_20210429T221203_O3_column_number_density,20210428T065225_20210429T235424_O3_column_number_density,20210428T083355_20210430T013226_O3_column_number_density,20210428T101525_20210430T032944_O3_column_number_density,20210428T115656_20210430T052825_O3_column_number_density,20210428T133826_20210430T070104_O3_column_number_density,20210428T151956_20210430T082538_O3_column_number_density,20210428T170126_20210430T101345_O3_column_number_density,20210428T184256_20210430T115551_O3_column_number_density,20210428T202427_20210430T133058_O3_column_number_density,20210428T220557_20210430T150830_O3_column_number_density,20210428T234727_20210430T165516_O3_column_number_density,20210429T012857_20210430T182307_O3_column_number_density,20210429T031028_20210430T202052_O3_column_number_density,20210429T045158_20210430T221953_O3_column_number_density,20210429T063328_20210430T235536_O3_column_number_density,20210429T081458_20210501T012337_O3_column_number_density,20210429T095629_20210501T030755_O3_column_number_density,20210429T113759_20210501T050937_O3_column_number_density,20210429T131929_20210501T063906_O3_column_number_density,20210429T150059_20210501T080227_O3_column_number_density,20210429T164229_20210501T093926_O3_column_number_density,20210429T182400_20210501T114213_O3_column_number_density,20210429T200530_20210501T130354_O3_column_number_density,20210429T214700_20210501T145311_O3_column_number_density,20210429T232830_20210501T163727_O3_column_number_density,system:index,Maille,grid_name
,,,,0.12831195391396247,,,,,,,,,,,,,,0.12718082814595696,,,,,,,,,,,,,,,,,,,,,,,,,,,,,,,,,,,,,,,,,,,,,,,,,,,,,,,,,,,,,,,,,,,,,,,0.12391219460127863,,,,,,,,,,,,,,0.12389915322831012,,,,,,,,,,,,,,0.12601006624425876,,,,,,,,,,,,,,,,,,,,,,,,,,,,,0.12607172795891072,,,,,,,,,,,,,,0.12997495933275696,,,,,,,,,,,,,,0.13273757867472388,,,,,,,,,,,,,,,,,,,,,,,,,0,0,grids_amravati
