20210228T234721_20210302T164257_O3_column_number_density,20210301T012851_20210302T185006_O3_column_number_density,20210301T031021_20210302T200708_O3_column_number_density,20210301T045151_20210302T223310_O3_column_number_density,20210301T063322_20210303T000255_O3_column_number_density,20210301T081452_20210303T013656_O3_column_number_density,20210301T095623_20210303T034546_O3_column_number_density,20210301T113753_20210303T052645_O3_column_number_density,20210301T131923_20210303T064838_O3_column_number_density,20210301T150054_20210303T082502_O3_column_number_density,20210301T164224_20210303T095907_O3_column_number_density,20210301T182354_20210303T114625_O3_column_number_density,20210301T200525_20210303T131250_O3_column_number_density,20210301T214655_20210303T150710_O3_column_number_density,20210301T232825_20210303T163107_O3_column_number_density,20210302T010956_20210303T183327_O3_column_number_density,20210302T025126_20210303T195839_O3_column_number_density,20210302T043256_20210303T220901_O3_column_number_density,20210302T061427_20210303T233142_O3_column_number_density,20210302T075557_20210304T010110_O3_column_number_density,20210302T093727_20210304T034933_O3_column_number_density,20210302T111858_20210304T050248_O3_column_number_density,20210302T130028_20210304T063640_O3_column_number_density,20210302T144158_20210304T073328_O3_column_number_density,20210302T162329_20210304T093338_O3_column_number_density,20210302T180459_20210304T112554_O3_column_number_density,20210302T194629_20210304T130509_O3_column_number_density,20210302T212800_20210304T144416_O3_column_number_density,20210302T230930_20210304T163904_O3_column_number_density,20210303T005101_20210304T181320_O3_column_number_density,20210303T023231_20210304T194954_O3_column_number_density,20210303T041401_20210304T215508_O3_column_number_density,20210303T055531_20210304T230303_O3_column_number_density,20210303T073702_20210305T010535_O3_column_number_density,20210303T091832_20210305T030048_O3_column_number_density,20210303T110003_20210305T045422_O3_column_number_density,20210303T124133_20210305T062629_O3_column_number_density,20210303T142303_20210305T065720_O3_column_number_density,20210303T160434_20210305T090535_O3_column_number_density,20210303T174604_20210305T111822_O3_column_number_density,20210303T192734_20210305T125934_O3_column_number_density,20210303T210905_20210305T143117_O3_column_number_density,20210303T225035_20210305T160647_O3_column_number_density,20210304T003205_20210307T090006_O3_column_number_density,20210304T021336_20210307T100710_O3_column_number_density,20210304T035506_20210307T103356_O3_column_number_density,20210304T053636_20210307T105218_O3_column_number_density,20210304T071807_20210307T111416_O3_column_number_density,20210304T085937_20210307T113545_O3_column_number_density,20210304T104108_20210306T040646_O3_column_number_density,20210304T122238_20210306T060012_O3_column_number_density,20210304T140408_20210306T070252_O3_column_number_density,20210304T154539_20210306T090120_O3_column_number_density,20210304T172709_20210306T110311_O3_column_number_density,20210304T190839_20210306T121325_O3_column_number_density,20210304T205010_20210306T140900_O3_column_number_density,20210304T223140_20210306T153734_O3_column_number_density,20210305T001310_20210306T172011_O3_column_number_density,20210305T015441_20210306T184139_O3_column_number_density,20210305T033611_20210306T210249_O3_column_number_density,20210305T051741_20210306T223459_O3_column_number_density,20210305T065912_20210307T002354_O3_column_number_density,20210305T084042_20210307T020440_O3_column_number_density,20210305T102213_20210307T040217_O3_column_number_density,20210305T120343_20210307T061703_O3_column_number_density,20210305T134513_20210307T070213_O3_column_number_density,20210305T152643_20210307T083342_O3_column_number_density,20210305T170814_20210307T101743_O3_column_number_density,20210305T184944_20210307T120542_O3_column_number_density,20210305T203115_20210307T134031_O3_column_number_density,20210305T221245_20210307T153814_O3_column_number_density,20210305T235415_20210307T164519_O3_column_number_density,20210306T013546_20210307T182039_O3_column_number_density,20210306T031716_20210307T205926_O3_column_number_density,20210306T045846_20210307T221506_O3_column_number_density,20210306T064017_20210307T234449_O3_column_number_density,20210306T082147_20210308T012855_O3_column_number_density,20210306T100317_20210308T034132_O3_column_number_density,20210306T114448_20210308T051938_O3_column_number_density,20210306T132618_20210308T063429_O3_column_number_density,20210306T150748_20210308T081512_O3_column_number_density,20210306T164919_20210308T101337_O3_column_number_density,20210306T183049_20210308T113916_O3_column_number_density,20210306T201219_20210308T134109_O3_column_number_density,20210306T215350_20210308T145856_O3_column_number_density,20210306T233520_20210308T164224_O3_column_number_density,20210307T011651_20210308T180921_O3_column_number_density,20210307T025821_20210308T200731_O3_column_number_density,20210307T043951_20210308T215855_O3_column_number_density,20210307T062122_20210308T235119_O3_column_number_density,20210307T080252_20210309T012448_O3_column_number_density,20210307T094422_20210309T033735_O3_column_number_density,20210307T112553_20210309T051021_O3_column_number_density,20210307T130723_20210309T064128_O3_column_number_density,20210307T144853_20210309T080401_O3_column_number_density,20210307T163024_20210309T094231_O3_column_number_density,20210307T181154_20210309T114333_O3_column_number_density,20210307T195324_20210309T131957_O3_column_number_density,20210307T213455_20210309T145013_O3_column_number_density,20210307T231625_20210309T161910_O3_column_number_density,20210308T005756_20210309T180953_O3_column_number_density,20210308T023926_20210309T194601_O3_column_number_density,20210308T042056_20210309T214333_O3_column_number_density,20210308T060227_20210309T232703_O3_column_number_density,20210308T074357_20210310T005427_O3_column_number_density,20210308T092527_20210310T031219_O3_column_number_density,20210308T110658_20210310T043453_O3_column_number_density,20210308T124828_20210310T060344_O3_column_number_density,20210308T142958_20210310T075535_O3_column_number_density,20210308T161129_20210310T092849_O3_column_number_density,20210308T175259_20210310T110115_O3_column_number_density,20210308T193429_20210310T130518_O3_column_number_density,20210308T211600_20210310T143525_O3_column_number_density,20210308T225730_20210310T154133_O3_column_number_density,20210309T003901_20210310T175630_O3_column_number_density,20210309T022031_20210310T192717_O3_column_number_density,20210309T040201_20210310T213621_O3_column_number_density,20210309T054332_20210310T225920_O3_column_number_density,20210309T072502_20210311T010605_O3_column_number_density,20210309T090632_20210311T022727_O3_column_number_density,20210309T104803_20210311T041338_O3_column_number_density,20210309T122933_20210311T061348_O3_column_number_density,20210309T141103_20210311T071803_O3_column_number_density,20210309T155234_20210311T090719_O3_column_number_density,20210309T173404_20210311T103636_O3_column_number_density,20210309T191534_20210311T122624_O3_column_number_density,20210309T205705_20210311T140347_O3_column_number_density,20210309T223835_20210311T153541_O3_column_number_density,20210310T002006_20210311T184111_O3_column_number_density,20210310T020136_20210311T184811_O3_column_number_density,20210310T034306_20210311T210002_O3_column_number_density,20210310T052437_20210311T223257_O3_column_number_density,20210310T070607_20210312T003328_O3_column_number_density,20210310T084737_20210312T020519_O3_column_number_density,20210310T102908_20210312T035820_O3_column_number_density,20210310T121038_20210312T054150_O3_column_number_density,20210310T135209_20210312T072832_O3_column_number_density,20210310T153339_20210312T083836_O3_column_number_density,20210310T171509_20210312T102508_O3_column_number_density,20210310T185640_20210312T123253_O3_column_number_density,20210310T203810_20210312T140259_O3_column_number_density,20210310T221940_20210312T153212_O3_column_number_density,20210311T000111_20210312T170724_O3_column_number_density,20210311T014241_20210312T184818_O3_column_number_density,20210311T032411_20210312T202029_O3_column_number_density,20210311T050542_20210312T221813_O3_column_number_density,20210311T064712_20210313T000319_O3_column_number_density,20210311T082842_20210313T014837_O3_column_number_density,20210311T101013_20210313T034809_O3_column_number_density,20210311T115143_20210313T051919_O3_column_number_density,20210311T133314_20210313T070918_O3_column_number_density,20210311T151444_20210313T082425_O3_column_number_density,20210311T165614_20210313T100820_O3_column_number_density,20210311T183745_20210313T115119_O3_column_number_density,20210311T201915_20210313T134526_O3_column_number_density,20210311T220045_20210313T150440_O3_column_number_density,20210311T234216_20210313T170320_O3_column_number_density,20210312T012346_20210313T182256_O3_column_number_density,20210312T030516_20210313T200042_O3_column_number_density,20210312T044647_20210313T215603_O3_column_number_density,20210312T062817_20210313T234331_O3_column_number_density,20210312T080948_20210314T011141_O3_column_number_density,20210312T095118_20210314T033107_O3_column_number_density,20210312T113248_20210314T050003_O3_column_number_density,20210312T131419_20210314T065933_O3_column_number_density,20210312T145549_20210314T075626_O3_column_number_density,20210312T163719_20210314T095645_O3_column_number_density,20210312T181850_20210314T115323_O3_column_number_density,20210312T200020_20210314T130725_O3_column_number_density,20210312T214150_20210314T145611_O3_column_number_density,20210312T232321_20210314T162814_O3_column_number_density,20210313T010451_20210314T180824_O3_column_number_density,20210313T024621_20210314T192801_O3_column_number_density,20210313T042752_20210314T214511_O3_column_number_density,20210313T060922_20210314T234554_O3_column_number_density,20210313T075053_20210315T011143_O3_column_number_density,20210313T093223_20210315T033028_O3_column_number_density,20210313T111353_20210315T044854_O3_column_number_density,20210313T125524_20210315T060821_O3_column_number_density,20210313T143654_20210315T074048_O3_column_number_density,20210313T161824_20210315T092136_O3_column_number_density,20210313T175955_20210315T113800_O3_column_number_density,20210313T194125_20210315T124442_O3_column_number_density,20210313T212256_20210315T143507_O3_column_number_density,20210313T230426_20210315T160236_O3_column_number_density,20210314T004556_20210315T174400_O3_column_number_density,20210314T022727_20210315T185020_O3_column_number_density,20210314T040857_20210315T214039_O3_column_number_density,20210314T055027_20210315T232608_O3_column_number_density,20210314T073158_20210316T004936_O3_column_number_density,20210314T091328_20210316T025815_O3_column_number_density,20210314T105459_20210316T043739_O3_column_number_density,20210314T123629_20210316T055320_O3_column_number_density,20210314T141759_20210316T071230_O3_column_number_density,20210314T155929_20210316T091551_O3_column_number_density,20210314T174100_20210316T110334_O3_column_number_density,20210314T192230_20210316T122410_O3_column_number_density,20210314T210401_20210316T140647_O3_column_number_density,20210314T224531_20210316T154026_O3_column_number_density,system:index,Maille,grid_name
,,,,,,,,,,,,,,,,,,,0.11899060717141142,,,,,,,,,,,,,,0.11903993958351822,,,,,,,,,,,,,,0.11802190076075297,,,,,,,,,,,,,,0.11703525485396508,,,,,,,,,,,,,,,0.11600217447550414,,,,,,,,,,,,,,0.11651501613038595,,,,,,,,,,,,,,0.11489513846133768,,,,,,,,,,,,,,0.11525634548318608,,,,,,,,,,,,,,0.11536465699326605,,,,,,,,,,,,,,,,,,,,,,,,,,,,,0.1122482111921041,,,,,,,,,,,,,,0.11274324810229847,,,,,,,,,,,,,,0.116111451789023,,,,,,,,,,0,0,grids_mumbai
