20211116T000936_20211117T222909_O3_column_number_density,20211116T015105_20211118T004249_O3_column_number_density,20211116T033235_20211118T005037_O3_column_number_density,20211116T051404_20211118T024206_O3_column_number_density,20211116T065534_20211118T025510_O3_column_number_density,20211116T083703_20211118T025601_O3_column_number_density,20211116T101833_20211118T061047_O3_column_number_density,20211116T120002_20211118T101438_O3_column_number_density,20211116T134132_20211118T100155_O3_column_number_density,20211116T152301_20211118T071605_O3_column_number_density,20211116T170431_20211118T085410_O3_column_number_density,20211116T184601_20211118T110607_O3_column_number_density,20211116T202730_20211118T123255_O3_column_number_density,20211116T220900_20211118T140858_O3_column_number_density,20211116T235029_20211118T153441_O3_column_number_density,20211117T013159_20211118T171747_O3_column_number_density,20211117T031328_20211118T190618_O3_column_number_density,20211117T045458_20211118T205909_O3_column_number_density,20211117T063627_20211118T223955_O3_column_number_density,20211117T081757_20211119T002216_O3_column_number_density,20211117T095927_20211119T021703_O3_column_number_density,20211117T114056_20211119T040137_O3_column_number_density,20211117T132226_20211119T053350_O3_column_number_density,20211117T150355_20211119T065305_O3_column_number_density,20211117T164525_20211119T082646_O3_column_number_density,20211117T182654_20211119T104804_O3_column_number_density,20211117T200824_20211119T122056_O3_column_number_density,20211117T214954_20211119T135813_O3_column_number_density,20211117T233123_20211119T151713_O3_column_number_density,20211118T011253_20211119T170419_O3_column_number_density,20211118T025422_20211119T183744_O3_column_number_density,20211118T043552_20211119T203554_O3_column_number_density,20211118T061721_20211119T222449_O3_column_number_density,20211118T075851_20211119T235646_O3_column_number_density,20211118T094021_20211120T014654_O3_column_number_density,20211118T112150_20211120T033924_O3_column_number_density,20211118T130320_20211120T051904_O3_column_number_density,20211118T144449_20211120T063331_O3_column_number_density,20211118T162619_20211120T080632_O3_column_number_density,20211118T180749_20211120T102230_O3_column_number_density,20211118T194918_20211120T115850_O3_column_number_density,20211118T213048_20211120T133700_O3_column_number_density,20211118T231217_20211120T150430_O3_column_number_density,20211119T005347_20211120T163902_O3_column_number_density,20211119T023516_20211120T181551_O3_column_number_density,20211119T041646_20211120T201811_O3_column_number_density,20211119T055816_20211120T220911_O3_column_number_density,20211119T073945_20211120T235036_O3_column_number_density,20211119T092115_20211121T013244_O3_column_number_density,20211119T110244_20211121T033020_O3_column_number_density,20211119T124414_20211121T050013_O3_column_number_density,20211119T142543_20211121T060550_O3_column_number_density,20211119T160713_20211121T075038_O3_column_number_density,20211119T174842_20211121T095721_O3_column_number_density,20211119T193012_20211121T114852_O3_column_number_density,20211119T211142_20211121T131137_O3_column_number_density,20211119T225311_20211121T144915_O3_column_number_density,20211120T003441_20211121T161010_O3_column_number_density,20211120T021610_20211121T175814_O3_column_number_density,20211120T035740_20211121T195239_O3_column_number_density,20211120T053910_20211121T214626_O3_column_number_density,20211120T072039_20211121T232909_O3_column_number_density,20211120T090209_20211122T010528_O3_column_number_density,20211120T104339_20211122T030408_O3_column_number_density,20211120T122508_20211122T044311_O3_column_number_density,20211120T140638_20211122T054538_O3_column_number_density,20211120T154807_20211122T073244_O3_column_number_density,20211120T172937_20211122T093052_O3_column_number_density,20211120T191106_20211122T112458_O3_column_number_density,20211120T205236_20211122T124058_O3_column_number_density,20211120T223406_20211122T142002_O3_column_number_density,20211121T001535_20211122T154742_O3_column_number_density,20211121T015705_20211122T173731_O3_column_number_density,20211121T033835_20211122T192245_O3_column_number_density,20211121T052004_20211122T211742_O3_column_number_density,20211121T070134_20211123T102034_O3_column_number_density,20211121T084303_20211123T004451_O3_column_number_density,20211121T102433_20211123T024406_O3_column_number_density,20211121T120603_20211123T103301_O3_column_number_density,20211121T134732_20211123T053724_O3_column_number_density,20211121T152902_20211123T071635_O3_column_number_density,20211121T171031_20211123T091410_O3_column_number_density,20211121T185201_20211123T110946_O3_column_number_density,20211121T203331_20211123T123113_O3_column_number_density,20211121T221500_20211123T140548_O3_column_number_density,20211121T235630_20211123T153733_O3_column_number_density,20211122T013800_20211123T172148_O3_column_number_density,20211122T031929_20211123T190057_O3_column_number_density,20211122T050059_20211123T210326_O3_column_number_density,20211122T064228_20211123T224728_O3_column_number_density,20211122T082358_20211124T002819_O3_column_number_density,20211122T100528_20211124T022017_O3_column_number_density,20211122T114657_20211124T041230_O3_column_number_density,20211122T132827_20211124T052045_O3_column_number_density,20211122T150956_20211124T064948_O3_column_number_density,20211122T165126_20211124T084824_O3_column_number_density,20211122T183256_20211124T104639_O3_column_number_density,20211122T201425_20211124T121040_O3_column_number_density,20211122T215555_20211124T134525_O3_column_number_density,20211122T233725_20211124T152336_O3_column_number_density,20211123T011854_20211124T170324_O3_column_number_density,20211123T030024_20211124T184305_O3_column_number_density,20211123T044153_20211124T204830_O3_column_number_density,20211123T062323_20211124T222736_O3_column_number_density,20211123T080453_20211125T000815_O3_column_number_density,20211123T094622_20211125T015146_O3_column_number_density,20211123T112752_20211125T035048_O3_column_number_density,20211123T130922_20211125T051153_O3_column_number_density,20211123T145051_20211125T061907_O3_column_number_density,20211123T163221_20211125T082930_O3_column_number_density,20211123T181350_20211125T102740_O3_column_number_density,20211123T195520_20211125T115706_O3_column_number_density,20211123T213650_20211125T132813_O3_column_number_density,20211123T231819_20211125T151157_O3_column_number_density,20211124T005949_20211125T164448_O3_column_number_density,20211124T024119_20211125T182714_O3_column_number_density,20211124T042248_20211125T203653_O3_column_number_density,20211124T060418_20211125T221005_O3_column_number_density,20211124T074548_20211125T234303_O3_column_number_density,20211124T092717_20211126T013352_O3_column_number_density,20211124T110847_20211126T033404_O3_column_number_density,20211124T125017_20211126T050333_O3_column_number_density,20211124T143146_20211126T060751_O3_column_number_density,20211124T161316_20211126T081555_O3_column_number_density,20211124T175445_20211126T100605_O3_column_number_density,20211124T193615_20211126T113944_O3_column_number_density,20211124T211745_20211126T131055_O3_column_number_density,20211124T225914_20211126T144854_O3_column_number_density,20211125T004044_20211126T162801_O3_column_number_density,20211125T022213_20211126T180711_O3_column_number_density,20211125T040343_20211126T200727_O3_column_number_density,20211125T054513_20211126T214947_O3_column_number_density,20211125T072642_20211126T232453_O3_column_number_density,20211125T090812_20211127T012543_O3_column_number_density,20211125T104942_20211127T030832_O3_column_number_density,20211125T123111_20211127T044221_O3_column_number_density,20211125T141241_20211127T060131_O3_column_number_density,20211125T155411_20211127T075007_O3_column_number_density,20211125T173540_20211127T094533_O3_column_number_density,20211125T191710_20211127T111728_O3_column_number_density,20211125T205840_20211127T125936_O3_column_number_density,20211125T224009_20211127T143626_O3_column_number_density,20211126T002139_20211127T161033_O3_column_number_density,20211126T020309_20211127T175641_O3_column_number_density,20211126T034438_20211127T194050_O3_column_number_density,20211126T052608_20211127T212857_O3_column_number_density,20211126T070738_20211127T231257_O3_column_number_density,20211126T084907_20211128T010101_O3_column_number_density,20211126T103037_20211128T024007_O3_column_number_density,20211126T121207_20211128T042927_O3_column_number_density,20211126T135336_20211128T055514_O3_column_number_density,20211126T153506_20211128T072533_O3_column_number_density,20211126T171635_20211128T092315_O3_column_number_density,20211126T185805_20211128T110142_O3_column_number_density,20211126T203935_20211128T123804_O3_column_number_density,20211126T222105_20211128T142049_O3_column_number_density,20211127T000234_20211128T154846_O3_column_number_density,20211127T014404_20211128T172940_O3_column_number_density,20211127T032533_20211128T193008_O3_column_number_density,20211127T050703_20211128T210233_O3_column_number_density,20211127T064833_20211128T225638_O3_column_number_density,20211127T083003_20211129T003146_O3_column_number_density,20211127T101132_20211129T022653_O3_column_number_density,20211127T115302_20211129T041652_O3_column_number_density,20211127T133432_20211129T055208_O3_column_number_density,20211127T151601_20211129T070345_O3_column_number_density,20211127T165731_20211129T090759_O3_column_number_density,20211127T183900_20211129T104618_O3_column_number_density,20211127T202030_20211129T121951_O3_column_number_density,20211127T220200_20211129T140154_O3_column_number_density,20211127T234330_20211129T153037_O3_column_number_density,20211128T012459_20211129T171848_O3_column_number_density,20211128T030629_20211129T190520_O3_column_number_density,20211128T044758_20211129T204521_O3_column_number_density,20211128T062928_20211129T223524_O3_column_number_density,20211128T081058_20211130T001653_O3_column_number_density,20211128T095228_20211130T020551_O3_column_number_density,20211128T113357_20211130T034722_O3_column_number_density,20211128T131527_20211130T054117_O3_column_number_density,20211128T145657_20211130T064856_O3_column_number_density,20211128T163826_20211130T084422_O3_column_number_density,20211128T181956_20211130T103704_O3_column_number_density,20211128T200126_20211130T121450_O3_column_number_density,20211128T214255_20211130T132959_O3_column_number_density,20211128T232425_20211130T151050_O3_column_number_density,20211129T010555_20211130T170551_O3_column_number_density,20211129T024724_20211130T184144_O3_column_number_density,20211129T042854_20211130T203408_O3_column_number_density,20211129T061024_20211130T222306_O3_column_number_density,20211129T075153_20211130T235729_O3_column_number_density,20211129T093323_20211201T013712_O3_column_number_density,20211129T111453_20211201T033206_O3_column_number_density,20211129T125623_20211201T052706_O3_column_number_density,20211129T143752_20211201T063442_O3_column_number_density,20211129T161922_20211201T081827_O3_column_number_density,20211129T180051_20211201T101604_O3_column_number_density,20211129T194221_20211201T115152_O3_column_number_density,20211129T212351_20211201T131922_O3_column_number_density,20211129T230521_20211201T145021_O3_column_number_density,system:index,Maille,grid_name
,,,,,,,,,,,,,,,,,,0.11957429449200521,,,,,,,,,,,,,,0.11762093863476968,,,,,,,,,,,,,,0.11659555087148553,,,,,,,,,,,,,,,,,,,,,,,,,,,,,,,,,,,,,,,,,,,,,,,,,,,,,,,,,0.11911052683865887,,,,,,,,,,,,,,,,,,,,,,,,,,,,,,,,,,,,,,,,,,,,,,,,,,,,,,,,,,,,,,,,,,,,,,,0.1192328981336209,,,,,,,,,,,,,,0.11760670027647668,,,,,,,,,,,0,0,grids_rourkela
