20201116T005344_20201117T174309_O3_column_number_density,20201116T023513_20201118T115707_O3_column_number_density,20201116T041643_20201118T120059_O3_column_number_density,20201116T055812_20201118T115939_O3_column_number_density,20201116T073942_20201118T120152_O3_column_number_density,20201116T092112_20201118T123206_O3_column_number_density,20201116T110241_20201118T121902_O3_column_number_density,20201116T124411_20201118T122918_O3_column_number_density,20201116T142540_20201118T120553_O3_column_number_density,20201116T160710_20201118T123858_O3_column_number_density,20201116T174839_20201118T124411_O3_column_number_density,20201116T193009_20201118T132307_O3_column_number_density,20201116T211138_20201118T141209_O3_column_number_density,20201116T225308_20201118T155043_O3_column_number_density,20201117T003438_20201118T171442_O3_column_number_density,20201117T021607_20201118T185618_O3_column_number_density,20201117T035737_20201118T210437_O3_column_number_density,20201117T053906_20201118T225740_O3_column_number_density,20201117T072036_20201119T003604_O3_column_number_density,20201117T090205_20201119T024929_O3_column_number_density,20201117T104335_20201119T092108_O3_column_number_density,20201117T122505_20201119T061409_O3_column_number_density,20201117T140634_20201119T115849_O3_column_number_density,20201117T154804_20201120T100206_O3_column_number_density,20201117T172933_20201120T100053_O3_column_number_density,20201117T191103_20201119T101404_O3_column_number_density,20201117T205232_20201119T140454_O3_column_number_density,20201117T223402_20201119T155849_O3_column_number_density,20201118T001531_20201119T170826_O3_column_number_density,20201118T015701_20201119T185759_O3_column_number_density,20201118T033831_20201119T202202_O3_column_number_density,20201118T052000_20201119T224504_O3_column_number_density,20201118T070130_20201119T235934_O3_column_number_density,20201118T084259_20201120T021804_O3_column_number_density,20201118T102429_20201120T035425_O3_column_number_density,20201118T120559_20201120T060424_O3_column_number_density,20201118T134728_20201120T065923_O3_column_number_density,20201118T152858_20201120T082520_O3_column_number_density,20201118T171027_20201120T102100_O3_column_number_density,20201118T185157_20201120T120728_O3_column_number_density,20201118T203326_20201120T133227_O3_column_number_density,20201118T221456_20201120T152556_O3_column_number_density,20201118T235625_20201120T165155_O3_column_number_density,20201119T013755_20201120T182818_O3_column_number_density,20201119T031925_20201120T200145_O3_column_number_density,20201119T050054_20201120T221705_O3_column_number_density,20201119T064224_20201120T234453_O3_column_number_density,20201119T082353_20201121T014137_O3_column_number_density,20201119T100523_20201121T035942_O3_column_number_density,20201119T114653_20201121T055208_O3_column_number_density,20201119T132822_20201121T064028_O3_column_number_density,20201119T150952_20201121T075127_O3_column_number_density,20201119T165121_20201121T100402_O3_column_number_density,20201119T183251_20201121T120556_O3_column_number_density,20201119T201420_20201121T131339_O3_column_number_density,20201119T215550_20201121T145624_O3_column_number_density,20201119T233720_20201121T162305_O3_column_number_density,20201120T011849_20201121T175111_O3_column_number_density,20201120T030019_20201121T194425_O3_column_number_density,20201120T044148_20201121T214915_O3_column_number_density,20201120T062318_20201121T232947_O3_column_number_density,20201120T080447_20201122T010606_O3_column_number_density,20201120T094617_20201122T031643_O3_column_number_density,20201120T112747_20201122T045349_O3_column_number_density,20201120T130916_20201122T061954_O3_column_number_density,20201120T145046_20201122T073500_O3_column_number_density,20201120T163215_20201122T092337_O3_column_number_density,20201120T181345_20201122T113005_O3_column_number_density,20201120T195514_20201122T124420_O3_column_number_density,20201120T213644_20201122T143406_O3_column_number_density,20201120T231814_20201122T161435_O3_column_number_density,20201121T005943_20201122T174707_O3_column_number_density,20201121T024113_20201122T192056_O3_column_number_density,20201121T042242_20201122T212228_O3_column_number_density,20201121T060412_20201122T231637_O3_column_number_density,20201121T074542_20201123T004644_O3_column_number_density,20201121T092711_20201123T031545_O3_column_number_density,20201121T110841_20201123T043657_O3_column_number_density,20201121T125011_20201123T062918_O3_column_number_density,20201121T143140_20201123T073734_O3_column_number_density,20201121T161310_20201123T091246_O3_column_number_density,20201121T175439_20201123T110828_O3_column_number_density,20201121T193609_20201123T125854_O3_column_number_density,20201121T211738_20201123T143302_O3_column_number_density,20201121T225908_20201123T160232_O3_column_number_density,20201122T004038_20201123T173140_O3_column_number_density,20201122T022207_20201123T191114_O3_column_number_density,20201122T040337_20201123T212037_O3_column_number_density,20201122T054506_20201123T225320_O3_column_number_density,20201122T072636_20201124T004742_O3_column_number_density,20201122T090806_20201124T022809_O3_column_number_density,20201122T104935_20201124T042519_O3_column_number_density,20201122T123105_20201124T062006_O3_column_number_density,20201122T141234_20201124T071203_O3_column_number_density,20201122T155404_20201124T085759_O3_column_number_density,20201122T173534_20201124T104352_O3_column_number_density,20201122T191703_20201124T124519_O3_column_number_density,20201122T205833_20201124T140606_O3_column_number_density,20201122T224003_20201124T154057_O3_column_number_density,20201123T002132_20201124T170545_O3_column_number_density,20201123T020302_20201124T184850_O3_column_number_density,20201123T034431_20201124T211121_O3_column_number_density,20201123T052601_20201124T222844_O3_column_number_density,20201123T070730_20201125T002518_O3_column_number_density,20201123T084900_20201125T020343_O3_column_number_density,20201123T103030_20201125T035022_O3_column_number_density,20201123T121159_20201125T053537_O3_column_number_density,20201123T135329_20201125T071952_O3_column_number_density,20201123T153459_20201125T084751_O3_column_number_density,20201123T171628_20201125T102201_O3_column_number_density,20201123T185758_20201125T122348_O3_column_number_density,20201123T203927_20201125T135635_O3_column_number_density,20201123T222057_20201125T152201_O3_column_number_density,20201124T000227_20201125T170331_O3_column_number_density,20201124T014356_20201125T183155_O3_column_number_density,20201124T032526_20201125T202330_O3_column_number_density,20201124T050655_20201125T222827_O3_column_number_density,20201124T064825_20201126T002128_O3_column_number_density,20201124T082955_20201126T014311_O3_column_number_density,20201124T101124_20201126T033822_O3_column_number_density,20201124T115254_20201126T052330_O3_column_number_density,20201124T133424_20201126T070643_O3_column_number_density,20201124T151553_20201126T080820_O3_column_number_density,20201124T165723_20201126T095151_O3_column_number_density,20201124T183852_20201126T121905_O3_column_number_density,20201124T202022_20201126T134139_O3_column_number_density,20201124T220152_20201126T145448_O3_column_number_density,20201124T234321_20201126T164011_O3_column_number_density,20201125T012451_20201126T181809_O3_column_number_density,20201125T030621_20201126T194805_O3_column_number_density,20201125T044750_20201126T221655_O3_column_number_density,20201125T062920_20201127T000921_O3_column_number_density,20201125T081049_20201127T013622_O3_column_number_density,20201125T095219_20201127T030656_O3_column_number_density,20201125T113349_20201127T050920_O3_column_number_density,20201125T131518_20201127T064859_O3_column_number_density,20201125T145648_20201127T081435_O3_column_number_density,20201125T163817_20201127T092908_O3_column_number_density,20201125T181947_20201127T120313_O3_column_number_density,20201125T200117_20201127T133957_O3_column_number_density,20201125T214246_20201127T145811_O3_column_number_density,20201125T232416_20201127T162104_O3_column_number_density,20201126T010546_20201127T174313_O3_column_number_density,20201126T024715_20201127T192625_O3_column_number_density,20201126T042845_20201127T215712_O3_column_number_density,20201126T061015_20201127T231423_O3_column_number_density,20201126T075144_20201128T010347_O3_column_number_density,20201126T093314_20201128T023935_O3_column_number_density,20201126T111444_20201128T050052_O3_column_number_density,20201126T125613_20201128T064000_O3_column_number_density,20201126T143743_20201128T075416_O3_column_number_density,20201126T161912_20201128T090344_O3_column_number_density,20201126T180042_20201128T113636_O3_column_number_density,20201126T194212_20201128T132351_O3_column_number_density,20201126T212341_20201128T144232_O3_column_number_density,20201126T230511_20201128T155755_O3_column_number_density,20201127T004641_20201128T173116_O3_column_number_density,20201127T022810_20201128T191012_O3_column_number_density,20201127T040940_20201128T212501_O3_column_number_density,20201127T055110_20201128T232548_O3_column_number_density,20201127T073239_20201129T004655_O3_column_number_density,20201127T091409_20201129T021510_O3_column_number_density,20201127T105539_20201129T044810_O3_column_number_density,20201127T123708_20201129T060758_O3_column_number_density,20201127T141838_20201129T073252_O3_column_number_density,20201127T160007_20201129T085838_O3_column_number_density,20201127T174137_20201129T110252_O3_column_number_density,20201127T192307_20201129T124804_O3_column_number_density,20201127T210436_20201129T143806_O3_column_number_density,20201127T224606_20201129T155803_O3_column_number_density,20201128T002736_20201129T170844_O3_column_number_density,20201128T020905_20201129T184702_O3_column_number_density,20201128T035035_20201129T205515_O3_column_number_density,20201128T053205_20201129T230840_O3_column_number_density,20201128T071334_20201130T003537_O3_column_number_density,20201128T085504_20201130T021908_O3_column_number_density,20201128T103634_20201130T042815_O3_column_number_density,20201128T121803_20201130T060306_O3_column_number_density,20201128T135933_20201130T073041_O3_column_number_density,20201128T154103_20201130T083339_O3_column_number_density,20201128T172232_20201130T103958_O3_column_number_density,20201128T190402_20201130T123601_O3_column_number_density,20201128T204532_20201130T141609_O3_column_number_density,20201128T222701_20201130T151733_O3_column_number_density,20201129T000831_20201130T170526_O3_column_number_density,20201129T015001_20201130T184042_O3_column_number_density,20201129T033130_20201202T200035_O3_column_number_density,20201129T051300_20201202T195640_O3_column_number_density,20201129T065430_20201202T201746_O3_column_number_density,20201129T083559_20201202T200906_O3_column_number_density,20201129T101729_20201202T201408_O3_column_number_density,20201129T115859_20201202T210738_O3_column_number_density,20201129T134028_20201202T201207_O3_column_number_density,20201129T152158_20201202T193742_O3_column_number_density,20201129T170328_20201202T194908_O3_column_number_density,20201129T184457_20201202T202706_O3_column_number_density,20201129T202627_20201202T195907_O3_column_number_density,20201129T220757_20201202T200635_O3_column_number_density,system:index,Maille,grid_name
,,,0.11609838093324386,,,,,,,,,,,,,,0.11652316300647354,,,,,,,,,,,,,,,,,,,,,,,,,,,,,,,,,,,,,,,,,,,,,,,,,,,,,,,,,,,,,,,,,,,,,,,,,,,,,,,,,,,,,0.11860664378697781,,,,,,,,,,,,,,0.113496140859197,,,,,,,,,,,,,,,0.11211428719007693,,,,,,,,,,,,,,0.11453767498551182,,,,,,,,,,,,,,0.11358438481597523,,,,,,,,,,,,,,0.11476689705391882,,,,,,,,,,,,,,0.11482996631292308,,,,,,,,,,,0,0,grids_dimapur
