20210216T003021_20210217T173220_O3_column_number_density,20210216T021151_20210217T190445_O3_column_number_density,20210216T035321_20210217T211518_O3_column_number_density,20210216T053452_20210217T232238_O3_column_number_density,20210216T071622_20210218T010945_O3_column_number_density,20210216T085752_20210218T022849_O3_column_number_density,20210216T103923_20210218T041946_O3_column_number_density,20210216T122053_20210218T060558_O3_column_number_density,20210216T140223_20210218T071349_O3_column_number_density,20210216T154353_20210218T085757_O3_column_number_density,20210216T172524_20210218T105501_O3_column_number_density,20210216T190654_20210218T123432_O3_column_number_density,20210216T204824_20210218T152730_O3_column_number_density,20210216T222955_20210218T153639_O3_column_number_density,20210217T001125_20210218T171034_O3_column_number_density,20210217T015255_20210218T184530_O3_column_number_density,20210217T033426_20210218T210927_O3_column_number_density,20210217T051556_20210218T225345_O3_column_number_density,20210217T065726_20210219T003547_O3_column_number_density,20210217T083857_20210219T020633_O3_column_number_density,20210217T102027_20210219T041207_O3_column_number_density,20210217T120157_20210219T054459_O3_column_number_density,20210217T134327_20210219T064905_O3_column_number_density,20210217T152458_20210219T083201_O3_column_number_density,20210217T170628_20210219T104050_O3_column_number_density,20210217T184758_20210219T121230_O3_column_number_density,20210217T202929_20210219T134746_O3_column_number_density,20210217T221059_20210219T150821_O3_column_number_density,20210217T235229_20210219T171255_O3_column_number_density,20210218T013400_20210219T183438_O3_column_number_density,20210218T031530_20210219T201700_O3_column_number_density,20210218T045700_20210219T221716_O3_column_number_density,20210218T063830_20210220T001425_O3_column_number_density,20210218T082001_20210220T013029_O3_column_number_density,20210218T100131_20210220T035125_O3_column_number_density,20210218T114302_20210220T052448_O3_column_number_density,20210218T132432_20210220T063547_O3_column_number_density,20210218T150602_20210220T083914_O3_column_number_density,20210218T164732_20210220T104225_O3_column_number_density,20210218T182903_20210220T115259_O3_column_number_density,20210218T201033_20210220T132625_O3_column_number_density,20210218T215203_20210220T145551_O3_column_number_density,20210218T233334_20210220T172758_O3_column_number_density,20210219T011504_20210220T180535_O3_column_number_density,20210219T025634_20210220T195901_O3_column_number_density,20210219T043804_20210220T221844_O3_column_number_density,20210219T061935_20210220T234540_O3_column_number_density,20210219T080105_20210221T011835_O3_column_number_density,20210219T094236_20210221T032610_O3_column_number_density,20210219T112406_20210221T050615_O3_column_number_density,20210219T130536_20210221T064145_O3_column_number_density,20210219T144706_20210221T081123_O3_column_number_density,20210219T162837_20210221T100142_O3_column_number_density,20210219T181007_20210221T113914_O3_column_number_density,20210219T195137_20210221T131411_O3_column_number_density,20210219T213308_20210221T143854_O3_column_number_density,20210219T231438_20210221T160358_O3_column_number_density,20210220T005608_20210221T175811_O3_column_number_density,20210220T023739_20210221T195451_O3_column_number_density,20210220T041909_20210221T220342_O3_column_number_density,20210220T060039_20210222T000421_O3_column_number_density,20210220T074210_20210222T012800_O3_column_number_density,20210220T092340_20210222T024516_O3_column_number_density,20210220T110510_20210222T043349_O3_column_number_density,20210220T124641_20210222T062505_O3_column_number_density,20210220T142811_20210222T074652_O3_column_number_density,20210220T160941_20210222T094221_O3_column_number_density,20210220T175111_20210222T111952_O3_column_number_density,20210220T193242_20210222T130401_O3_column_number_density,20210220T211412_20210222T142555_O3_column_number_density,20210220T225543_20210222T154941_O3_column_number_density,20210221T003713_20210222T175124_O3_column_number_density,20210221T021843_20210222T192220_O3_column_number_density,20210221T040013_20210222T214018_O3_column_number_density,20210221T054144_20210222T234314_O3_column_number_density,20210221T072314_20210223T011333_O3_column_number_density,20210221T090444_20210223T022812_O3_column_number_density,20210221T104615_20210223T041613_O3_column_number_density,20210221T122745_20210223T053421_O3_column_number_density,20210221T140915_20210223T073811_O3_column_number_density,20210221T155046_20210223T093444_O3_column_number_density,20210221T173216_20210223T111907_O3_column_number_density,20210221T191346_20210223T124820_O3_column_number_density,20210221T205517_20210223T143252_O3_column_number_density,20210221T223647_20210223T152927_O3_column_number_density,20210222T001817_20210223T172729_O3_column_number_density,20210222T015948_20210223T190044_O3_column_number_density,20210222T034118_20210223T205253_O3_column_number_density,20210222T052248_20210223T230249_O3_column_number_density,20210222T070419_20210224T004546_O3_column_number_density,20210222T084549_20210224T015443_O3_column_number_density,20210222T102719_20210224T040029_O3_column_number_density,20210222T120850_20210224T054032_O3_column_number_density,20210222T135020_20210224T073402_O3_column_number_density,20210222T153150_20210224T084944_O3_column_number_density,20210222T171321_20210224T110128_O3_column_number_density,20210222T185451_20210224T121603_O3_column_number_density,20210222T203621_20210224T135240_O3_column_number_density,20210222T221752_20210224T150428_O3_column_number_density,20210222T235922_20210224T165600_O3_column_number_density,20210223T014052_20210224T185452_O3_column_number_density,20210223T032223_20210224T203149_O3_column_number_density,20210223T050353_20210224T225137_O3_column_number_density,20210223T064523_20210225T000630_O3_column_number_density,20210223T082654_20210225T013929_O3_column_number_density,20210223T100824_20210225T034518_O3_column_number_density,20210223T114954_20210225T051832_O3_column_number_density,20210223T133125_20210225T071627_O3_column_number_density,20210223T151255_20210225T081305_O3_column_number_density,20210223T165425_20210225T103438_O3_column_number_density,20210223T183555_20210225T120730_O3_column_number_density,20210223T201726_20210225T134054_O3_column_number_density,20210223T215856_20210225T145758_O3_column_number_density,20210223T234027_20210225T165321_O3_column_number_density,20210224T012157_20210225T182444_O3_column_number_density,20210224T030327_20210225T201544_O3_column_number_density,20210224T044457_20210225T222308_O3_column_number_density,20210224T062628_20210225T235626_O3_column_number_density,20210224T080758_20210226T012339_O3_column_number_density,20210224T094929_20210226T031259_O3_column_number_density,20210224T113059_20210226T050239_O3_column_number_density,20210224T131229_20210226T070119_O3_column_number_density,20210224T145359_20210226T080407_O3_column_number_density,20210224T163530_20210226T094844_O3_column_number_density,20210224T181700_20210226T121938_O3_column_number_density,20210224T195830_20210226T125645_O3_column_number_density,20210224T214001_20210226T145111_O3_column_number_density,20210224T232131_20210226T162501_O3_column_number_density,20210225T010301_20210226T182336_O3_column_number_density,20210225T024432_20210226T194437_O3_column_number_density,20210225T042602_20210226T220232_O3_column_number_density,20210225T060732_20210226T232718_O3_column_number_density,20210225T074903_20210227T005022_O3_column_number_density,20210225T093033_20210227T031103_O3_column_number_density,20210225T111204_20210227T045930_O3_column_number_density,20210225T125334_20210227T063606_O3_column_number_density,20210225T143504_20210227T080733_O3_column_number_density,20210225T161634_20210227T092540_O3_column_number_density,20210225T175805_20210227T114646_O3_column_number_density,20210225T193935_20210227T130337_O3_column_number_density,20210225T212105_20210227T142909_O3_column_number_density,20210225T230236_20210227T171337_O3_column_number_density,20210226T004406_20210227T181612_O3_column_number_density,20210226T022536_20210227T194351_O3_column_number_density,20210226T040707_20210227T213353_O3_column_number_density,20210226T054837_20210227T233636_O3_column_number_density,20210226T073007_20210228T010929_O3_column_number_density,20210226T091138_20210228T022851_O3_column_number_density,20210226T105308_20210228T041756_O3_column_number_density,20210226T123439_20210228T060711_O3_column_number_density,20210226T141609_20210228T071848_O3_column_number_density,20210226T155739_20210228T090514_O3_column_number_density,20210226T173909_20210228T104948_O3_column_number_density,20210226T192040_20210228T123528_O3_column_number_density,20210226T210210_20210228T141437_O3_column_number_density,20210226T224341_20210228T155433_O3_column_number_density,20210227T002511_20210228T172857_O3_column_number_density,20210227T020641_20210228T185147_O3_column_number_density,20210227T034812_20210228T205501_O3_column_number_density,20210227T052942_20210228T225913_O3_column_number_density,20210227T071112_20210301T002820_O3_column_number_density,20210227T085243_20210301T015953_O3_column_number_density,20210227T103413_20210301T040915_O3_column_number_density,20210227T121543_20210301T060250_O3_column_number_density,20210227T135714_20210301T071947_O3_column_number_density,20210227T153844_20210301T085414_O3_column_number_density,20210227T172014_20210301T104753_O3_column_number_density,20210227T190145_20210301T124727_O3_column_number_density,20210227T204315_20210301T141557_O3_column_number_density,20210227T222445_20210301T155050_O3_column_number_density,system:index,Maille,grid_name
,,,,,,,,,,,,,,,,,,0.12745038410896756,,,,,,,,,,,,,,0.12639118547034336,,,,,,,,,,,,,,,,,,,,,,,,,,,,,,,,,,,,,,,,,,,0.12071982091302111,,,,,,,,,,,,,,0.11943842941474851,,,,,,,,,,,,,,0.11827645305295781,,,,,,,,,,,,,,0.11756781989627668,,,,,,,,,,,,,,,,,,,,,,,,,,,,,0.11682984733004567,,,,,,,,,,,,,,0.11835444432763553,,,,,,,,,,0,0,grids_jhansi
