20200316T005255_20200319T052315_tropospheric_HCHO_column_number_density,20200316T023425_20200319T070919_tropospheric_HCHO_column_number_density,20200316T041555_20200319T090939_tropospheric_HCHO_column_number_density,20200316T055726_20200319T103903_tropospheric_HCHO_column_number_density,20200316T073856_20200319T121854_tropospheric_HCHO_column_number_density,20200316T092026_20200319T141732_tropospheric_HCHO_column_number_density,20200316T110157_20200319T151125_tropospheric_HCHO_column_number_density,20200316T124327_20200319T152453_tropospheric_HCHO_column_number_density,20200316T142458_20200319T144552_tropospheric_HCHO_column_number_density,20200316T160628_20200319T145920_tropospheric_HCHO_column_number_density,20200316T174758_20200319T151806_tropospheric_HCHO_column_number_density,20200316T192929_20200319T151107_tropospheric_HCHO_column_number_density,20200316T211059_20200319T145251_tropospheric_HCHO_column_number_density,20200316T225229_20200319T144259_tropospheric_HCHO_column_number_density,20200317T003400_20200320T070404_tropospheric_HCHO_column_number_density,20200317T021530_20200320T070419_tropospheric_HCHO_column_number_density,20200317T035700_20200320T070440_tropospheric_HCHO_column_number_density,20200317T053831_20200320T070450_tropospheric_HCHO_column_number_density,20200317T072001_20200320T070500_tropospheric_HCHO_column_number_density,20200317T090132_20200320T070511_tropospheric_HCHO_column_number_density,20200317T104302_20200320T070522_tropospheric_HCHO_column_number_density,20200317T122432_20200320T070532_tropospheric_HCHO_column_number_density,20200317T140603_20200320T070538_tropospheric_HCHO_column_number_density,20200317T154733_20200320T070548_tropospheric_HCHO_column_number_density,20200317T172903_20200320T070559_tropospheric_HCHO_column_number_density,20200317T191034_20200320T070610_tropospheric_HCHO_column_number_density,20200317T205204_20200320T095731_tropospheric_HCHO_column_number_density,20200317T223335_20200320T092725_tropospheric_HCHO_column_number_density,20200318T001505_20200321T084932_tropospheric_HCHO_column_number_density,20200318T015635_20200321T084950_tropospheric_HCHO_column_number_density,20200318T033806_20200321T085008_tropospheric_HCHO_column_number_density,20200318T051936_20200321T085020_tropospheric_HCHO_column_number_density,20200318T070106_20200321T085028_tropospheric_HCHO_column_number_density,20200318T084237_20200321T085036_tropospheric_HCHO_column_number_density,20200318T102407_20200321T085044_tropospheric_HCHO_column_number_density,20200318T120538_20200321T085052_tropospheric_HCHO_column_number_density,20200318T134708_20200321T085100_tropospheric_HCHO_column_number_density,20200318T152838_20200321T085108_tropospheric_HCHO_column_number_density,20200318T171009_20200321T085117_tropospheric_HCHO_column_number_density,20200318T185139_20200321T085125_tropospheric_HCHO_column_number_density,20200318T203309_20200321T085133_tropospheric_HCHO_column_number_density,20200318T221440_20200321T085141_tropospheric_HCHO_column_number_density,20200318T235610_20200321T085210_tropospheric_HCHO_column_number_density,20200319T013741_20200321T124002_tropospheric_HCHO_column_number_density,20200319T031911_20200321T124009_tropospheric_HCHO_column_number_density,20200319T050041_20200321T124016_tropospheric_HCHO_column_number_density,20200319T064212_20200321T124023_tropospheric_HCHO_column_number_density,20200319T082342_20200321T124030_tropospheric_HCHO_column_number_density,20200319T100512_20200321T124038_tropospheric_HCHO_column_number_density,20200319T114643_20200321T124226_tropospheric_HCHO_column_number_density,20200319T132813_20200321T124054_tropospheric_HCHO_column_number_density,20200319T150943_20200321T124101_tropospheric_HCHO_column_number_density,20200319T165114_20200321T124111_tropospheric_HCHO_column_number_density,20200319T183244_20200321T124118_tropospheric_HCHO_column_number_density,20200319T201415_20200321T132953_tropospheric_HCHO_column_number_density,20200319T215545_20200321T152332_tropospheric_HCHO_column_number_density,20200319T233715_20200321T161517_tropospheric_HCHO_column_number_density,20200320T011846_20200321T173048_tropospheric_HCHO_column_number_density,20200320T030016_20200321T192511_tropospheric_HCHO_column_number_density,20200320T044146_20200321T214720_tropospheric_HCHO_column_number_density,20200320T062317_20200321T231430_tropospheric_HCHO_column_number_density,20200320T080447_20200322T004014_tropospheric_HCHO_column_number_density,20200320T094618_20200322T024235_tropospheric_HCHO_column_number_density,20200320T112748_20200322T041221_tropospheric_HCHO_column_number_density,20200320T130918_20200322T054754_tropospheric_HCHO_column_number_density,20200320T145049_20200322T071831_tropospheric_HCHO_column_number_density,20200320T163219_20200322T085539_tropospheric_HCHO_column_number_density,20200320T181349_20200322T110356_tropospheric_HCHO_column_number_density,20200320T195520_20200322T123447_tropospheric_HCHO_column_number_density,20200320T213650_20200322T140806_tropospheric_HCHO_column_number_density,20200320T231821_20200322T155311_tropospheric_HCHO_column_number_density,20200321T005951_20200322T171045_tropospheric_HCHO_column_number_density,20200321T024121_20200322T190823_tropospheric_HCHO_column_number_density,20200321T042252_20200322T212234_tropospheric_HCHO_column_number_density,20200321T060422_20200322T230101_tropospheric_HCHO_column_number_density,20200321T074552_20200323T001659_tropospheric_HCHO_column_number_density,20200321T092723_20200323T021001_tropospheric_HCHO_column_number_density,20200321T110853_20200323T034541_tropospheric_HCHO_column_number_density,20200321T125024_20200323T053221_tropospheric_HCHO_column_number_density,20200321T143154_20200323T065352_tropospheric_HCHO_column_number_density,20200321T161324_20200323T083716_tropospheric_HCHO_column_number_density,20200321T175455_20200323T104749_tropospheric_HCHO_column_number_density,20200321T193625_20200323T122828_tropospheric_HCHO_column_number_density,20200321T211755_20200323T134638_tropospheric_HCHO_column_number_density,20200321T225926_20200323T152240_tropospheric_HCHO_column_number_density,20200322T004056_20200323T165412_tropospheric_HCHO_column_number_density,20200322T022227_20200323T183841_tropospheric_HCHO_column_number_density,20200322T040357_20200323T210312_tropospheric_HCHO_column_number_density,20200322T054527_20200323T222102_tropospheric_HCHO_column_number_density,20200322T072658_20200324T000345_tropospheric_HCHO_column_number_density,20200322T090828_20200324T013913_tropospheric_HCHO_column_number_density,20200322T104958_20200324T033234_tropospheric_HCHO_column_number_density,20200322T123129_20200324T051046_tropospheric_HCHO_column_number_density,20200322T141259_20200324T063629_tropospheric_HCHO_column_number_density,20200322T155429_20200324T083345_tropospheric_HCHO_column_number_density,20200322T173600_20200324T101518_tropospheric_HCHO_column_number_density,20200322T191730_20200324T120854_tropospheric_HCHO_column_number_density,20200322T205901_20200324T134625_tropospheric_HCHO_column_number_density,20200322T224031_20200324T150843_tropospheric_HCHO_column_number_density,20200323T002201_20200324T164104_tropospheric_HCHO_column_number_density,20200323T020332_20200324T183034_tropospheric_HCHO_column_number_density,20200323T034502_20200324T201823_tropospheric_HCHO_column_number_density,20200323T052632_20200324T220130_tropospheric_HCHO_column_number_density,20200323T070803_20200325T000551_tropospheric_HCHO_column_number_density,20200323T084933_20200325T011526_tropospheric_HCHO_column_number_density,20200323T103104_20200325T031408_tropospheric_HCHO_column_number_density,20200323T121234_20200325T050353_tropospheric_HCHO_column_number_density,20200323T135404_20200325T062139_tropospheric_HCHO_column_number_density,20200323T153535_20200325T081358_tropospheric_HCHO_column_number_density,20200323T171705_20200325T095119_tropospheric_HCHO_column_number_density,20200323T185835_20200325T114144_tropospheric_HCHO_column_number_density,20200323T204006_20200325T131612_tropospheric_HCHO_column_number_density,20200323T222136_20200325T144110_tropospheric_HCHO_column_number_density,20200324T000307_20200325T162902_tropospheric_HCHO_column_number_density,20200324T014437_20200325T181929_tropospheric_HCHO_column_number_density,20200324T032607_20200325T200618_tropospheric_HCHO_column_number_density,20200324T050738_20200325T215032_tropospheric_HCHO_column_number_density,20200324T064908_20200325T232436_tropospheric_HCHO_column_number_density,20200324T083038_20200326T010316_tropospheric_HCHO_column_number_density,20200324T101209_20200326T025251_tropospheric_HCHO_column_number_density,20200324T115339_20200326T043854_tropospheric_HCHO_column_number_density,20200324T133510_20200326T061817_tropospheric_HCHO_column_number_density,20200324T151640_20200326T074824_tropospheric_HCHO_column_number_density,20200324T165810_20200326T095857_tropospheric_HCHO_column_number_density,20200324T183941_20200326T111223_tropospheric_HCHO_column_number_density,20200324T202111_20200326T124719_tropospheric_HCHO_column_number_density,20200324T220241_20200326T143625_tropospheric_HCHO_column_number_density,20200324T234412_20200326T162212_tropospheric_HCHO_column_number_density,20200325T012542_20200326T175303_tropospheric_HCHO_column_number_density,20200325T030712_20200326T193604_tropospheric_HCHO_column_number_density,20200325T044843_20200326T214859_tropospheric_HCHO_column_number_density,20200325T063013_20200326T230038_tropospheric_HCHO_column_number_density,20200325T081144_20200327T004722_tropospheric_HCHO_column_number_density,20200325T095314_20200327T022719_tropospheric_HCHO_column_number_density,20200325T113444_20200327T043249_tropospheric_HCHO_column_number_density,20200325T131615_20200327T061125_tropospheric_HCHO_column_number_density,20200325T145745_20200327T073002_tropospheric_HCHO_column_number_density,20200325T163915_20200327T091318_tropospheric_HCHO_column_number_density,20200325T182046_20200327T110331_tropospheric_HCHO_column_number_density,20200325T200216_20200327T123851_tropospheric_HCHO_column_number_density,20200325T214346_20200327T142849_tropospheric_HCHO_column_number_density,20200325T232517_20200327T155950_tropospheric_HCHO_column_number_density,20200326T010647_20200327T173314_tropospheric_HCHO_column_number_density,20200326T024818_20200327T190821_tropospheric_HCHO_column_number_density,20200326T042948_20200327T211401_tropospheric_HCHO_column_number_density,20200326T061118_20200327T223904_tropospheric_HCHO_column_number_density,20200326T075249_20200328T103716_tropospheric_HCHO_column_number_density,20200326T093419_20200328T020027_tropospheric_HCHO_column_number_density,20200326T111550_20200328T040324_tropospheric_HCHO_column_number_density,20200326T125720_20200328T054823_tropospheric_HCHO_column_number_density,20200326T143850_20200328T070801_tropospheric_HCHO_column_number_density,20200326T162020_20200328T085207_tropospheric_HCHO_column_number_density,20200326T180151_20200328T103622_tropospheric_HCHO_column_number_density,20200326T194321_20200328T121840_tropospheric_HCHO_column_number_density,20200326T212452_20200328T135641_tropospheric_HCHO_column_number_density,20200326T230622_20200328T153420_tropospheric_HCHO_column_number_density,20200327T004752_20200328T165639_tropospheric_HCHO_column_number_density,20200327T022923_20200328T185911_tropospheric_HCHO_column_number_density,20200327T041053_20200328T205646_tropospheric_HCHO_column_number_density,20200327T055223_20200328T223152_tropospheric_HCHO_column_number_density,20200327T073354_20200329T003557_tropospheric_HCHO_column_number_density,20200327T091524_20200329T014823_tropospheric_HCHO_column_number_density,20200327T105655_20200329T034916_tropospheric_HCHO_column_number_density,20200327T123825_20200329T054249_tropospheric_HCHO_column_number_density,20200327T141955_20200329T065620_tropospheric_HCHO_column_number_density,20200327T160126_20200329T082420_tropospheric_HCHO_column_number_density,20200327T174256_20200329T101710_tropospheric_HCHO_column_number_density,20200327T192426_20200329T120701_tropospheric_HCHO_column_number_density,20200327T210557_20200329T135902_tropospheric_HCHO_column_number_density,20200327T224727_20200329T152059_tropospheric_HCHO_column_number_density,20200328T002858_20200329T164258_tropospheric_HCHO_column_number_density,20200328T021028_20200329T183256_tropospheric_HCHO_column_number_density,20200328T035158_20200329T202841_tropospheric_HCHO_column_number_density,20200328T053329_20200330T103521_tropospheric_HCHO_column_number_density,20200328T071459_20200330T103206_tropospheric_HCHO_column_number_density,20200328T085629_20200330T100929_tropospheric_HCHO_column_number_density,20200328T103800_20200330T102949_tropospheric_HCHO_column_number_density,20200328T121930_20200330T103942_tropospheric_HCHO_column_number_density,20200328T140100_20200330T101017_tropospheric_HCHO_column_number_density,20200328T154231_20200330T101104_tropospheric_HCHO_column_number_density,20200328T172401_20200330T100851_tropospheric_HCHO_column_number_density,20200328T190531_20200330T114300_tropospheric_HCHO_column_number_density,20200328T204702_20200330T134338_tropospheric_HCHO_column_number_density,20200328T222832_20200330T150119_tropospheric_HCHO_column_number_density,20200329T001003_20200330T162307_tropospheric_HCHO_column_number_density,20200329T015133_20200330T180706_tropospheric_HCHO_column_number_density,20200329T033303_20200330T201802_tropospheric_HCHO_column_number_density,20200329T051434_20200330T215235_tropospheric_HCHO_column_number_density,20200329T065604_20200330T232627_tropospheric_HCHO_column_number_density,20200329T083734_20200331T012501_tropospheric_HCHO_column_number_density,20200329T101905_20200331T030633_tropospheric_HCHO_column_number_density,20200329T120035_20200331T045648_tropospheric_HCHO_column_number_density,20200329T134206_20200331T061649_tropospheric_HCHO_column_number_density,20200329T152336_20200331T074106_tropospheric_HCHO_column_number_density,20200329T170506_20200331T093254_tropospheric_HCHO_column_number_density,20200329T184637_20200331T114055_tropospheric_HCHO_column_number_density,20200329T202807_20200331T130014_tropospheric_HCHO_column_number_density,20200329T220937_20200331T142807_tropospheric_HCHO_column_number_density,20200329T235108_20200331T160434_tropospheric_HCHO_column_number_density,20200330T013238_20200331T175245_tropospheric_HCHO_column_number_density,20200330T031408_20200331T193324_tropospheric_HCHO_column_number_density,20200330T045539_20200331T213733_tropospheric_HCHO_column_number_density,20200330T063709_20200331T230126_tropospheric_HCHO_column_number_density,20200330T081839_20200401T010113_tropospheric_HCHO_column_number_density,20200330T100010_20200401T025212_tropospheric_HCHO_column_number_density,20200330T114140_20200401T044419_tropospheric_HCHO_column_number_density,20200330T132311_20200401T062033_tropospheric_HCHO_column_number_density,20200330T150441_20200401T073000_tropospheric_HCHO_column_number_density,20200330T164611_20200401T092358_tropospheric_HCHO_column_number_density,20200330T182742_20200401T105844_tropospheric_HCHO_column_number_density,20200330T200912_20200401T122414_tropospheric_HCHO_column_number_density,20200330T215042_20200401T142436_tropospheric_HCHO_column_number_density,20200330T233213_20200401T160639_tropospheric_HCHO_column_number_density,system:index,Maille,grid_name
,,,,1.566121935513039E-4,,,,,,,,,,,,,,1.2241626586647763E-4,,,,,,,,,,,,,,1.8364122072462332E-4,,,,,,,,,,,,,,2.2539740214892834E-4,,,,,,,,,,,,,,1.8180493127142853E-4,,,,,,,,,,,,,,,4.2112615474853464E-4,,,,,,,,,,,,,,5.571797297831264E-5,,,,,,,,,,,,,,1.476440675343941E-4,,,,,,,,,,,,,,2.7423137358267754E-4,,,,,,,,,,,,,,1.868640386876422E-4,,,,,,,,,,,,,,2.3484554200422405E-4,,,,,,,,,,,,,,,2.1453383653838003E-4,,,,,,,,,,,,,,2.2408832435312503E-4,,,,,,,,,,,,,,2.530663075604576E-4,,,,,,,,,,,,,,2.062374785388439E-4,,,,,,,,,,,0,0,grids_eluru
