20201231T234906_20210102T163551_tropospheric_HCHO_column_number_density,20210101T013036_20210102T182728_tropospheric_HCHO_column_number_density,20210101T031206_20210102T203532_tropospheric_HCHO_column_number_density,20210101T045336_20210102T224247_tropospheric_HCHO_column_number_density,20210101T063506_20210103T000719_tropospheric_HCHO_column_number_density,20210101T081636_20210103T013023_tropospheric_HCHO_column_number_density,20210101T095806_20210103T031528_tropospheric_HCHO_column_number_density,20210101T113936_20210103T052522_tropospheric_HCHO_column_number_density,20210101T132106_20210103T065107_tropospheric_HCHO_column_number_density,20210101T150236_20210103T081248_tropospheric_HCHO_column_number_density,20210101T164406_20210103T101745_tropospheric_HCHO_column_number_density,20210101T182536_20210103T120101_tropospheric_HCHO_column_number_density,20210101T200706_20210103T132100_tropospheric_HCHO_column_number_density,20210101T214836_20210103T151234_tropospheric_HCHO_column_number_density,20210101T233006_20210103T162233_tropospheric_HCHO_column_number_density,20210102T011136_20210103T181530_tropospheric_HCHO_column_number_density,20210102T025306_20210103T200922_tropospheric_HCHO_column_number_density,20210102T043435_20210103T222119_tropospheric_HCHO_column_number_density,20210102T061605_20210103T234716_tropospheric_HCHO_column_number_density,20210102T075736_20210104T010447_tropospheric_HCHO_column_number_density,20210102T093906_20210104T025535_tropospheric_HCHO_column_number_density,20210102T112036_20210104T045523_tropospheric_HCHO_column_number_density,20210102T130206_20210104T070451_tropospheric_HCHO_column_number_density,20210102T144336_20210104T080009_tropospheric_HCHO_column_number_density,20210102T162505_20210104T094837_tropospheric_HCHO_column_number_density,20210102T180635_20210104T115852_tropospheric_HCHO_column_number_density,20210102T194805_20210104T130705_tropospheric_HCHO_column_number_density,20210102T212936_20210104T144637_tropospheric_HCHO_column_number_density,20210102T231106_20210104T161942_tropospheric_HCHO_column_number_density,20210103T005236_20210104T180211_tropospheric_HCHO_column_number_density,20210103T023405_20210104T200727_tropospheric_HCHO_column_number_density,20210103T041535_20210104T213912_tropospheric_HCHO_column_number_density,20210103T055705_20210104T233543_tropospheric_HCHO_column_number_density,20210103T073835_20210105T010206_tropospheric_HCHO_column_number_density,20210103T092006_20210105T024529_tropospheric_HCHO_column_number_density,20210103T110136_20210105T050505_tropospheric_HCHO_column_number_density,20210103T124306_20210105T064445_tropospheric_HCHO_column_number_density,20210103T142436_20210105T073419_tropospheric_HCHO_column_number_density,20210103T160605_20210105T092342_tropospheric_HCHO_column_number_density,20210103T174735_20210105T113547_tropospheric_HCHO_column_number_density,20210103T192905_20210105T130014_tropospheric_HCHO_column_number_density,20210103T211036_20210105T143117_tropospheric_HCHO_column_number_density,20210103T225206_20210105T161544_tropospheric_HCHO_column_number_density,20210104T003336_20210105T173701_tropospheric_HCHO_column_number_density,20210104T021506_20210105T191822_tropospheric_HCHO_column_number_density,20210104T035635_20210105T211647_tropospheric_HCHO_column_number_density,20210104T053805_20210105T225424_tropospheric_HCHO_column_number_density,20210104T071936_20210106T002308_tropospheric_HCHO_column_number_density,20210104T090106_20210106T023511_tropospheric_HCHO_column_number_density,20210104T104236_20210106T041922_tropospheric_HCHO_column_number_density,20210104T122406_20210106T062636_tropospheric_HCHO_column_number_density,20210104T140536_20210106T081210_tropospheric_HCHO_column_number_density,20210104T154706_20210106T091607_tropospheric_HCHO_column_number_density,20210104T172836_20210106T110640_tropospheric_HCHO_column_number_density,20210104T191006_20210106T123751_tropospheric_HCHO_column_number_density,20210104T205136_20210106T134921_tropospheric_HCHO_column_number_density,20210104T223306_20210106T154647_tropospheric_HCHO_column_number_density,20210105T001436_20210106T172254_tropospheric_HCHO_column_number_density,20210105T015606_20210106T190751_tropospheric_HCHO_column_number_density,20210105T033736_20210106T204117_tropospheric_HCHO_column_number_density,20210105T051906_20210106T224627_tropospheric_HCHO_column_number_density,20210105T070036_20210107T001402_tropospheric_HCHO_column_number_density,20210105T084206_20210107T020847_tropospheric_HCHO_column_number_density,20210105T102336_20210107T035453_tropospheric_HCHO_column_number_density,20210105T120506_20210107T061623_tropospheric_HCHO_column_number_density,20210105T134636_20210107T071540_tropospheric_HCHO_column_number_density,20210105T152806_20210107T083941_tropospheric_HCHO_column_number_density,20210105T170936_20210107T205309_tropospheric_HCHO_column_number_density,20210105T203236_20210107T134400_tropospheric_HCHO_column_number_density,20210105T221406_20210107T154755_tropospheric_HCHO_column_number_density,20210105T235536_20210107T164845_tropospheric_HCHO_column_number_density,20210106T013706_20210107T183117_tropospheric_HCHO_column_number_density,20210106T031836_20210107T204745_tropospheric_HCHO_column_number_density,20210106T050006_20210107T222038_tropospheric_HCHO_column_number_density,20210106T064136_20210107T235158_tropospheric_HCHO_column_number_density,20210106T082306_20210108T015426_tropospheric_HCHO_column_number_density,20210106T100436_20210108T033327_tropospheric_HCHO_column_number_density,20210106T114606_20210108T055133_tropospheric_HCHO_column_number_density,20210106T132736_20210108T064805_tropospheric_HCHO_column_number_density,20210106T150906_20210108T083749_tropospheric_HCHO_column_number_density,20210106T183206_20210108T084659_tropospheric_HCHO_column_number_density,20210106T201336_20210108T144745_tropospheric_HCHO_column_number_density,20210106T215506_20210108T150638_tropospheric_HCHO_column_number_density,20210106T233636_20210108T163211_tropospheric_HCHO_column_number_density,20210107T011806_20210108T181339_tropospheric_HCHO_column_number_density,20210107T025936_20210108T201753_tropospheric_HCHO_column_number_density,20210107T044106_20210108T220233_tropospheric_HCHO_column_number_density,20210107T062236_20210108T234424_tropospheric_HCHO_column_number_density,20210107T080407_20210109T012640_tropospheric_HCHO_column_number_density,20210107T094537_20210109T033019_tropospheric_HCHO_column_number_density,20210107T112707_20210109T052029_tropospheric_HCHO_column_number_density,20210107T130837_20210109T065355_tropospheric_HCHO_column_number_density,20210107T145007_20210109T075727_tropospheric_HCHO_column_number_density,20210107T163137_20210109T100321_tropospheric_HCHO_column_number_density,20210107T181307_20210109T113828_tropospheric_HCHO_column_number_density,20210107T195437_20210109T133017_tropospheric_HCHO_column_number_density,20210107T213607_20210109T152523_tropospheric_HCHO_column_number_density,20210107T231737_20210109T170648_tropospheric_HCHO_column_number_density,20210108T005907_20210109T180642_tropospheric_HCHO_column_number_density,20210108T024037_20210109T195027_tropospheric_HCHO_column_number_density,20210108T042207_20210109T214900_tropospheric_HCHO_column_number_density,20210108T060337_20210109T232630_tropospheric_HCHO_column_number_density,20210108T074507_20210110T004916_tropospheric_HCHO_column_number_density,20210108T092637_20210110T030739_tropospheric_HCHO_column_number_density,20210108T110807_20210110T044453_tropospheric_HCHO_column_number_density,20210108T124937_20210110T064132_tropospheric_HCHO_column_number_density,20210108T143107_20210110T075331_tropospheric_HCHO_column_number_density,20210108T161237_20210110T092302_tropospheric_HCHO_column_number_density,20210108T175407_20210110T114157_tropospheric_HCHO_column_number_density,20210108T193537_20210110T125218_tropospheric_HCHO_column_number_density,20210108T211707_20210110T144807_tropospheric_HCHO_column_number_density,20210108T225838_20210110T155235_tropospheric_HCHO_column_number_density,20210109T004008_20210110T183216_tropospheric_HCHO_column_number_density,20210109T022138_20210110T193710_tropospheric_HCHO_column_number_density,20210109T040308_20210110T214144_tropospheric_HCHO_column_number_density,20210109T054438_20210110T231452_tropospheric_HCHO_column_number_density,20210109T072608_20210111T005752_tropospheric_HCHO_column_number_density,20210109T090738_20210111T023205_tropospheric_HCHO_column_number_density,20210109T104908_20210111T043001_tropospheric_HCHO_column_number_density,20210109T123038_20210111T063706_tropospheric_HCHO_column_number_density,20210109T141208_20210111T072153_tropospheric_HCHO_column_number_density,20210109T155338_20210111T092133_tropospheric_HCHO_column_number_density,20210109T173508_20210111T112953_tropospheric_HCHO_column_number_density,20210109T191638_20210111T124918_tropospheric_HCHO_column_number_density,20210109T205808_20210111T141112_tropospheric_HCHO_column_number_density,20210109T223938_20210111T154202_tropospheric_HCHO_column_number_density,20210110T002108_20210111T171323_tropospheric_HCHO_column_number_density,20210110T020238_20210111T191133_tropospheric_HCHO_column_number_density,20210110T034408_20210111T211515_tropospheric_HCHO_column_number_density,20210110T052538_20210111T225338_tropospheric_HCHO_column_number_density,20210110T070709_20210112T004655_tropospheric_HCHO_column_number_density,20210110T084839_20210112T021226_tropospheric_HCHO_column_number_density,20210110T103009_20210112T040857_tropospheric_HCHO_column_number_density,20210110T121139_20210112T061307_tropospheric_HCHO_column_number_density,20210110T135309_20210112T070704_tropospheric_HCHO_column_number_density,20210110T153439_20210112T084457_tropospheric_HCHO_column_number_density,20210110T171609_20210112T110402_tropospheric_HCHO_column_number_density,20210110T185739_20210112T122505_tropospheric_HCHO_column_number_density,20210110T203909_20210112T140617_tropospheric_HCHO_column_number_density,20210110T222039_20210112T152822_tropospheric_HCHO_column_number_density,20210111T000209_20210112T170309_tropospheric_HCHO_column_number_density,20210111T014339_20210112T184415_tropospheric_HCHO_column_number_density,20210111T032509_20210112T204521_tropospheric_HCHO_column_number_density,20210111T050639_20210112T223215_tropospheric_HCHO_column_number_density,20210111T064809_20210113T002543_tropospheric_HCHO_column_number_density,20210111T082940_20210113T020335_tropospheric_HCHO_column_number_density,20210111T101110_20210113T034853_tropospheric_HCHO_column_number_density,20210111T115240_20210113T053732_tropospheric_HCHO_column_number_density,20210111T133410_20210113T065347_tropospheric_HCHO_column_number_density,20210111T151540_20210113T083317_tropospheric_HCHO_column_number_density,20210111T165710_20210113T103129_tropospheric_HCHO_column_number_density,20210111T183840_20210113T122421_tropospheric_HCHO_column_number_density,20210111T202010_20210113T133115_tropospheric_HCHO_column_number_density,20210111T220140_20210113T151711_tropospheric_HCHO_column_number_density,20210111T234310_20210113T163630_tropospheric_HCHO_column_number_density,20210112T012440_20210113T183553_tropospheric_HCHO_column_number_density,20210112T030610_20210113T200835_tropospheric_HCHO_column_number_density,20210112T044740_20210113T223305_tropospheric_HCHO_column_number_density,20210112T062910_20210113T234151_tropospheric_HCHO_column_number_density,20210112T081041_20210114T013701_tropospheric_HCHO_column_number_density,20210112T095211_20210114T030746_tropospheric_HCHO_column_number_density,20210112T113341_20210114T051738_tropospheric_HCHO_column_number_density,20210112T131511_20210114T063422_tropospheric_HCHO_column_number_density,20210112T145641_20210114T081951_tropospheric_HCHO_column_number_density,20210112T163811_20210114T095046_tropospheric_HCHO_column_number_density,20210112T181941_20210114T121205_tropospheric_HCHO_column_number_density,20210112T200111_20210114T132704_tropospheric_HCHO_column_number_density,20210112T214241_20210114T151115_tropospheric_HCHO_column_number_density,20210112T232411_20210114T180037_tropospheric_HCHO_column_number_density,20210113T010542_20210114T175959_tropospheric_HCHO_column_number_density,20210113T024712_20210114T200835_tropospheric_HCHO_column_number_density,20210113T042842_20210114T220207_tropospheric_HCHO_column_number_density,20210113T061012_20210114T235159_tropospheric_HCHO_column_number_density,20210113T075142_20210115T011137_tropospheric_HCHO_column_number_density,20210113T093312_20210115T031533_tropospheric_HCHO_column_number_density,20210113T111442_20210115T050647_tropospheric_HCHO_column_number_density,20210113T125612_20210115T063255_tropospheric_HCHO_column_number_density,20210113T143742_20210115T074735_tropospheric_HCHO_column_number_density,20210113T161912_20210115T092210_tropospheric_HCHO_column_number_density,20210113T180042_20210115T113529_tropospheric_HCHO_column_number_density,20210113T194212_20210115T125547_tropospheric_HCHO_column_number_density,20210113T212343_20210115T142903_tropospheric_HCHO_column_number_density,20210113T230513_20210115T162648_tropospheric_HCHO_column_number_density,20210114T004643_20210115T175327_tropospheric_HCHO_column_number_density,20210114T022813_20210115T193930_tropospheric_HCHO_column_number_density,20210114T040943_20210115T212854_tropospheric_HCHO_column_number_density,20210114T055113_20210115T232425_tropospheric_HCHO_column_number_density,20210114T073243_20210116T005115_tropospheric_HCHO_column_number_density,20210114T091413_20210116T025751_tropospheric_HCHO_column_number_density,20210114T105543_20210116T045124_tropospheric_HCHO_column_number_density,20210114T123714_20210116T060537_tropospheric_HCHO_column_number_density,20210114T141844_20210116T073201_tropospheric_HCHO_column_number_density,20210114T160014_20210116T085613_tropospheric_HCHO_column_number_density,20210114T174144_20210116T110559_tropospheric_HCHO_column_number_density,20210114T192314_20210116T125310_tropospheric_HCHO_column_number_density,20210114T210444_20210116T142918_tropospheric_HCHO_column_number_density,20210114T224614_20210116T160520_tropospheric_HCHO_column_number_density,system:index,Maille,grid_name
,,,,,,,,,,,,,,,,,,,1.8934691533441171E-4,,,,,,,,,,,,,,2.1922145670841126E-4,,,,,,,,,,,,,,,,,,,,,,,,,,,,,,,,,,,,,,,,,1.49418483900559E-4,,,,,,,,,,,,,,,,,,,,,,,,,,,,,,,,,,,,,,,,,,,,,,,,,,,,,,,,1.9737280410914905E-4,,,,,,,,,,,,,,1.9152464373699897E-4,,,,,,,,,,,,,,1.8367285620324696E-4,,,,,,,,,,,,,,,1.7047591444855422E-4,,,,,,,,,,,,,,2.2760646286796744E-4,,,,,,,,,,0,0,grids_kolhapur
