20220101T004639_20220102T162523_tropospheric_HCHO_column_number_density,20220101T022809_20220102T182339_tropospheric_HCHO_column_number_density,20220101T040939_20220102T201551_tropospheric_HCHO_column_number_density,20220101T055109_20220102T220617_tropospheric_HCHO_column_number_density,20220101T073239_20220102T233236_tropospheric_HCHO_column_number_density,20220101T091410_20220103T011952_tropospheric_HCHO_column_number_density,20220101T105540_20220103T031613_tropospheric_HCHO_column_number_density,20220101T123710_20220103T045222_tropospheric_HCHO_column_number_density,20220101T141839_20220103T061642_tropospheric_HCHO_column_number_density,20220101T160009_20220103T075143_tropospheric_HCHO_column_number_density,20220101T174139_20220103T094541_tropospheric_HCHO_column_number_density,20220101T192309_20220103T113130_tropospheric_HCHO_column_number_density,20220101T210439_20220103T131536_tropospheric_HCHO_column_number_density,20220101T224610_20220103T143347_tropospheric_HCHO_column_number_density,20220102T002740_20220103T160858_tropospheric_HCHO_column_number_density,20220102T020910_20220103T180228_tropospheric_HCHO_column_number_density,20220102T035039_20220103T195522_tropospheric_HCHO_column_number_density,20220102T053209_20220103T214654_tropospheric_HCHO_column_number_density,20220102T071339_20220103T231859_tropospheric_HCHO_column_number_density,20220102T085510_20220104T010245_tropospheric_HCHO_column_number_density,20220102T103640_20220104T024824_tropospheric_HCHO_column_number_density,20220102T121810_20220104T043906_tropospheric_HCHO_column_number_density,20220102T135940_20220104T054921_tropospheric_HCHO_column_number_density,20220102T154110_20220104T073202_tropospheric_HCHO_column_number_density,20220102T172240_20220104T092933_tropospheric_HCHO_column_number_density,20220102T190410_20220104T111057_tropospheric_HCHO_column_number_density,20220102T204540_20220104T125705_tropospheric_HCHO_column_number_density,20220102T222710_20220104T141444_tropospheric_HCHO_column_number_density,20220103T000840_20220104T155210_tropospheric_HCHO_column_number_density,20220103T015010_20220104T174247_tropospheric_HCHO_column_number_density,20220103T033140_20220104T193513_tropospheric_HCHO_column_number_density,20220103T051310_20220104T212449_tropospheric_HCHO_column_number_density,20220103T065440_20220104T225518_tropospheric_HCHO_column_number_density,20220103T083610_20220105T004256_tropospheric_HCHO_column_number_density,20220103T101740_20220105T023341_tropospheric_HCHO_column_number_density,20220103T115910_20220105T042138_tropospheric_HCHO_column_number_density,20220103T134040_20220105T052501_tropospheric_HCHO_column_number_density,20220103T152210_20220105T071729_tropospheric_HCHO_column_number_density,20220103T170340_20220105T090415_tropospheric_HCHO_column_number_density,20220103T184510_20220105T105916_tropospheric_HCHO_column_number_density,20220103T202640_20220105T122844_tropospheric_HCHO_column_number_density,20220103T220810_20220105T140113_tropospheric_HCHO_column_number_density,20220103T234940_20220105T153738_tropospheric_HCHO_column_number_density,20220104T013110_20220105T171955_tropospheric_HCHO_column_number_density,20220104T031240_20220105T191654_tropospheric_HCHO_column_number_density,20220104T045410_20220105T210039_tropospheric_HCHO_column_number_density,20220104T063540_20220105T223526_tropospheric_HCHO_column_number_density,20220104T081710_20220106T002306_tropospheric_HCHO_column_number_density,20220104T095840_20220106T021653_tropospheric_HCHO_column_number_density,20220104T114010_20220106T035308_tropospheric_HCHO_column_number_density,20220104T132140_20220106T051824_tropospheric_HCHO_column_number_density,20220104T150310_20220106T065401_tropospheric_HCHO_column_number_density,20220104T164440_20220106T085508_tropospheric_HCHO_column_number_density,20220104T182610_20220106T104225_tropospheric_HCHO_column_number_density,20220104T200740_20220106T122143_tropospheric_HCHO_column_number_density,20220104T214910_20220106T134206_tropospheric_HCHO_column_number_density,20220104T233040_20220106T152813_tropospheric_HCHO_column_number_density,20220105T011210_20220106T165321_tropospheric_HCHO_column_number_density,20220105T025340_20220106T185754_tropospheric_HCHO_column_number_density,20220105T043510_20220106T204342_tropospheric_HCHO_column_number_density,20220105T061640_20220106T221418_tropospheric_HCHO_column_number_density,20220105T075810_20220107T000619_tropospheric_HCHO_column_number_density,20220105T093941_20220107T015248_tropospheric_HCHO_column_number_density,20220105T112111_20220107T033405_tropospheric_HCHO_column_number_density,20220105T130241_20220107T051337_tropospheric_HCHO_column_number_density,20220105T144411_20220107T064408_tropospheric_HCHO_column_number_density,20220105T162541_20220107T082302_tropospheric_HCHO_column_number_density,20220105T180711_20220107T102233_tropospheric_HCHO_column_number_density,20220105T194841_20220107T115907_tropospheric_HCHO_column_number_density,20220105T213011_20220107T132408_tropospheric_HCHO_column_number_density,20220105T231141_20220107T145857_tropospheric_HCHO_column_number_density,20220106T005311_20220107T164341_tropospheric_HCHO_column_number_density,20220106T023441_20220107T183654_tropospheric_HCHO_column_number_density,20220106T041611_20220107T202419_tropospheric_HCHO_column_number_density,20220106T055741_20220107T215839_tropospheric_HCHO_column_number_density,20220106T073911_20220107T235133_tropospheric_HCHO_column_number_density,20220106T092041_20220108T012822_tropospheric_HCHO_column_number_density,20220106T110211_20220108T031812_tropospheric_HCHO_column_number_density,20220106T124341_20220108T045822_tropospheric_HCHO_column_number_density,20220106T142511_20220108T061827_tropospheric_HCHO_column_number_density,20220106T160641_20220108T080752_tropospheric_HCHO_column_number_density,20220106T174811_20220108T100257_tropospheric_HCHO_column_number_density,20220106T192941_20220108T113757_tropospheric_HCHO_column_number_density,20220106T211111_20220108T130731_tropospheric_HCHO_column_number_density,20220106T225242_20220108T143507_tropospheric_HCHO_column_number_density,20220107T003412_20220108T162451_tropospheric_HCHO_column_number_density,20220107T021542_20220108T181255_tropospheric_HCHO_column_number_density,20220107T035712_20220108T200346_tropospheric_HCHO_column_number_density,20220107T053842_20220108T214752_tropospheric_HCHO_column_number_density,20220107T072012_20220108T232937_tropospheric_HCHO_column_number_density,20220107T090142_20220109T011119_tropospheric_HCHO_column_number_density,20220107T104312_20220109T025617_tropospheric_HCHO_column_number_density,20220107T122442_20220109T044245_tropospheric_HCHO_column_number_density,20220107T140612_20220109T060437_tropospheric_HCHO_column_number_density,20220107T154742_20220109T073929_tropospheric_HCHO_column_number_density,20220107T172912_20220109T093626_tropospheric_HCHO_column_number_density,20220107T191042_20220109T112621_tropospheric_HCHO_column_number_density,20220107T205212_20220109T125358_tropospheric_HCHO_column_number_density,20220107T223342_20220109T141725_tropospheric_HCHO_column_number_density,20220108T001512_20220109T161038_tropospheric_HCHO_column_number_density,20220108T015642_20220109T174642_tropospheric_HCHO_column_number_density,20220108T033812_20220109T194528_tropospheric_HCHO_column_number_density,20220108T051942_20220109T212954_tropospheric_HCHO_column_number_density,20220108T070113_20220109T231341_tropospheric_HCHO_column_number_density,20220108T084243_20220110T004747_tropospheric_HCHO_column_number_density,20220108T102413_20220110T023858_tropospheric_HCHO_column_number_density,20220108T120543_20220110T042617_tropospheric_HCHO_column_number_density,20220108T134713_20220110T054141_tropospheric_HCHO_column_number_density,20220108T152843_20220110T071901_tropospheric_HCHO_column_number_density,20220108T171013_20220110T091356_tropospheric_HCHO_column_number_density,20220108T185143_20220110T111540_tropospheric_HCHO_column_number_density,20220108T203313_20220110T123617_tropospheric_HCHO_column_number_density,20220108T221443_20220110T140139_tropospheric_HCHO_column_number_density,20220108T235613_20220110T154711_tropospheric_HCHO_column_number_density,20220109T013743_20220110T172636_tropospheric_HCHO_column_number_density,20220109T031913_20220110T191550_tropospheric_HCHO_column_number_density,20220109T050043_20220110T211159_tropospheric_HCHO_column_number_density,20220109T064213_20220110T225619_tropospheric_HCHO_column_number_density,20220109T082344_20220111T002950_tropospheric_HCHO_column_number_density,20220109T100514_20220111T021946_tropospheric_HCHO_column_number_density,20220109T114644_20220111T040514_tropospheric_HCHO_column_number_density,20220109T132814_20220111T052349_tropospheric_HCHO_column_number_density,20220109T150944_20220111T070030_tropospheric_HCHO_column_number_density,20220109T165114_20220111T085932_tropospheric_HCHO_column_number_density,20220109T183244_20220111T105234_tropospheric_HCHO_column_number_density,20220109T201414_20220111T121801_tropospheric_HCHO_column_number_density,20220109T215544_20220111T134659_tropospheric_HCHO_column_number_density,20220109T233714_20220111T153305_tropospheric_HCHO_column_number_density,20220110T011844_20220111T170816_tropospheric_HCHO_column_number_density,20220110T030014_20220111T185150_tropospheric_HCHO_column_number_density,20220110T044144_20220111T204208_tropospheric_HCHO_column_number_density,20220110T062314_20220111T223454_tropospheric_HCHO_column_number_density,20220110T080445_20220112T001346_tropospheric_HCHO_column_number_density,20220110T094615_20220112T020250_tropospheric_HCHO_column_number_density,20220110T112745_20220112T034030_tropospheric_HCHO_column_number_density,20220110T130915_20220112T050110_tropospheric_HCHO_column_number_density,20220110T145045_20220112T064642_tropospheric_HCHO_column_number_density,20220110T163215_20220112T083428_tropospheric_HCHO_column_number_density,20220110T181345_20220112T102556_tropospheric_HCHO_column_number_density,20220110T195515_20220112T120302_tropospheric_HCHO_column_number_density,20220110T213645_20220112T132740_tropospheric_HCHO_column_number_density,20220110T231815_20220112T151051_tropospheric_HCHO_column_number_density,20220111T005945_20220112T164916_tropospheric_HCHO_column_number_density,20220111T024116_20220112T182845_tropospheric_HCHO_column_number_density,20220111T042246_20220112T204230_tropospheric_HCHO_column_number_density,20220111T060416_20220112T220804_tropospheric_HCHO_column_number_density,20220111T074546_20220112T235447_tropospheric_HCHO_column_number_density,20220111T092716_20220113T014052_tropospheric_HCHO_column_number_density,20220111T110846_20220113T032039_tropospheric_HCHO_column_number_density,20220111T125016_20220113T045019_tropospheric_HCHO_column_number_density,20220111T143146_20220113T062433_tropospheric_HCHO_column_number_density,20220111T161316_20220113T082042_tropospheric_HCHO_column_number_density,20220111T175446_20220113T100944_tropospheric_HCHO_column_number_density,20220111T193616_20220113T114110_tropospheric_HCHO_column_number_density,20220111T211747_20220113T131113_tropospheric_HCHO_column_number_density,20220111T225917_20220113T144557_tropospheric_HCHO_column_number_density,20220112T004047_20220113T162546_tropospheric_HCHO_column_number_density,20220112T022217_20220113T181703_tropospheric_HCHO_column_number_density,20220112T040347_20220113T202259_tropospheric_HCHO_column_number_density,20220112T054517_20220113T215135_tropospheric_HCHO_column_number_density,20220112T072647_20220113T233444_tropospheric_HCHO_column_number_density,20220112T090817_20220114T011854_tropospheric_HCHO_column_number_density,20220112T104947_20220114T030114_tropospheric_HCHO_column_number_density,20220112T123117_20220114T043935_tropospheric_HCHO_column_number_density,20220112T141248_20220114T060057_tropospheric_HCHO_column_number_density,20220112T155418_20220114T075622_tropospheric_HCHO_column_number_density,20220112T173548_20220114T095141_tropospheric_HCHO_column_number_density,20220112T191718_20220114T111958_tropospheric_HCHO_column_number_density,20220112T205848_20220114T125111_tropospheric_HCHO_column_number_density,20220112T224018_20220114T142937_tropospheric_HCHO_column_number_density,20220113T002148_20220114T160344_tropospheric_HCHO_column_number_density,20220113T020318_20220114T175656_tropospheric_HCHO_column_number_density,20220113T034448_20220114T200335_tropospheric_HCHO_column_number_density,20220113T052618_20220114T213404_tropospheric_HCHO_column_number_density,20220113T070748_20220114T232522_tropospheric_HCHO_column_number_density,20220113T084919_20220115T004946_tropospheric_HCHO_column_number_density,20220113T103049_20220115T024129_tropospheric_HCHO_column_number_density,20220113T121219_20220115T042158_tropospheric_HCHO_column_number_density,20220113T135349_20220115T053923_tropospheric_HCHO_column_number_density,20220113T153519_20220115T073658_tropospheric_HCHO_column_number_density,20220113T171649_20220115T092212_tropospheric_HCHO_column_number_density,20220113T185819_20220115T110351_tropospheric_HCHO_column_number_density,20220113T203949_20220115T123537_tropospheric_HCHO_column_number_density,20220113T222120_20220115T140716_tropospheric_HCHO_column_number_density,20220114T000250_20220115T154545_tropospheric_HCHO_column_number_density,20220114T014420_20220115T173218_tropospheric_HCHO_column_number_density,20220114T032550_20220115T194439_tropospheric_HCHO_column_number_density,20220114T050720_20220115T212227_tropospheric_HCHO_column_number_density,20220114T064850_20220115T230347_tropospheric_HCHO_column_number_density,20220114T083020_20220116T002550_tropospheric_HCHO_column_number_density,20220114T101150_20220116T022613_tropospheric_HCHO_column_number_density,20220114T115321_20220116T041043_tropospheric_HCHO_column_number_density,20220114T133451_20220116T053008_tropospheric_HCHO_column_number_density,20220114T151621_20220116T072255_tropospheric_HCHO_column_number_density,20220114T165751_20220116T090310_tropospheric_HCHO_column_number_density,20220114T183921_20220116T104810_tropospheric_HCHO_column_number_density,20220114T202051_20220116T121734_tropospheric_HCHO_column_number_density,20220114T220221_20220116T134709_tropospheric_HCHO_column_number_density,system:index,Maille,grid_name
,,,,,,,,,,,,,,,,,,-1.6103340526490824E-4,,,,,,,,,,,,,,-7.843623594823526E-6,,,,,,,,,,,,,,,,,,,,,,,,,,,,,,,,,,,,,,,,,,,,,,,,,,,,,,,,,,,,,,,,,,,,,,,7.708148404691497E-5,,,,,,,,,,,,,,,,,,,,,,,,,,,,1.706991005190088E-4,,,,,,,,,,,,,,,,,,,,,,,,,,,,,5.38759997822229E-4,,,,,,,,,,,,,,1.5070300246788025E-4,,,,,,,,,,,,,,1.2970722305886352E-4,,,,,,,,,,0,0,grids_sundernagar
